0.000000000000000000e+00 1.000000000000000000e+00
1.000000000000000000e+00 9.981199999999994521e-01
2.000000000000000000e+00 9.967519999999991942e-01
3.000000000000000000e+00 9.954719999999993574e-01
4.000000000000000000e+00 9.943439999999994505e-01
5.000000000000000000e+00 9.930999999999997607e-01
6.000000000000000000e+00 9.919639999999991797e-01
8.000000000000000000e+00 9.899319999999987019e-01
1.000000000000000000e+01 9.879239999999988031e-01
1.400000000000000000e+01 9.843799999999999217e-01
2.000000000000000000e+01 9.802200000000005353e-01
3.000000000000000000e+01 9.749200000000013411e-01
4.000000000000000000e+01 9.715760000000015495e-01
5.000000000000000000e+01 9.684240000000005066e-01
6.000000000000000000e+01 9.665680000000005379e-01
8.000000000000000000e+01 9.633360000000015244e-01
1.000000000000000000e+02 9.615520000000007395e-01
1.400000000000000000e+02 9.587880000000001957e-01
2.000000000000000000e+02 9.558880000000008481e-01
3.000000000000000000e+02 9.514200000000004875e-01
4.000000000000000000e+02 9.476120000000003429e-01
5.000000000000000000e+02 9.440039999999997322e-01
6.000000000000000000e+02 9.405039999999995626e-01
8.000000000000000000e+02 9.342520000000000824e-01
1.000000000000000000e+03 9.294439999999997148e-01
1.400000000000000000e+03 9.213199999999995837e-01
2.000000000000000000e+03 9.125759999999994987e-01
3.000000000000000000e+03 9.034439999999993587e-01
4.000000000000000000e+03 8.968239999999998435e-01
5.000000000000000000e+03 8.914599999999999191e-01
6.000000000000000000e+03 8.873959999999997406e-01
8.000000000000000000e+03 8.799720000000006426e-01
1.000000000000000000e+04 8.743960000000003951e-01
1.400000000000000000e+04 8.644999999999999352e-01
2.000000000000000000e+04 8.521439999999997905e-01
3.000000000000000000e+04 8.352120000000006206e-01
4.000000000000000000e+04 8.222079999999999389e-01
5.000000000000000000e+04 8.119440000000004432e-01
6.000000000000000000e+04 8.023080000000002432e-01
8.000000000000000000e+04 7.883519999999997196e-01
1.000000000000000000e+05 7.777320000000003120e-01
1.400000000000000000e+05 7.601839999999998598e-01
2.000000000000000000e+05 7.391119999999995471e-01
3.000000000000000000e+05 7.135720000000004282e-01
4.000000000000000000e+05 6.938359999999993422e-01
5.000000000000000000e+05 6.761960000000003523e-01
6.000000000000000000e+05 6.617480000000003360e-01
8.000000000000000000e+05 6.385559999999997904e-01
1.000000000000000000e+06 6.187120000000000397e-01
1.400000000000000000e+06 5.864759999999996642e-01
2.000000000000000000e+06 5.516799999999998372e-01
3.000000000000000000e+06 5.097319999999997409e-01
4.000000000000000000e+06 4.772999999999998910e-01
5.000000000000000000e+06 4.515959999999999419e-01
6.000000000000000000e+06 4.316039999999997101e-01
8.000000000000000000e+06 3.948440000000001393e-01
1.000000000000000000e+07 3.663200000000002565e-01
1.400000000000000000e+07 3.188240000000001628e-01
2.000000000000000000e+07 2.725371999999999795e-01
3.000000000000000000e+07 2.163288000000000710e-01
4.000000000000000000e+07 1.752613199999999982e-01
5.000000000000000000e+07 1.469853199999999471e-01
6.000000000000000000e+07 1.259646399999999611e-01
8.000000000000000000e+07 9.451956000000000246e-02
1.000000000000000000e+08 7.043276000000001091e-02
1.400000000000000000e+08 3.818704000000000542e-02
2.000000000000000000e+08 1.926943999999999532e-02
3.000000000000000000e+08 4.271920000000000231e-03
4.000000000000000000e+08 1.117200000000000051e-03
5.000000000000000000e+08 0.000000000000000000e+00
6.000000000000000000e+08 0.000000000000000000e+00
8.000000000000000000e+08 0.000000000000000000e+00
1.000000000000000000e+09 0.000000000000000000e+00
