0.000000000000000000e+00 1.000000000000000000e+00
1.000000000000000000e+00 9.977679999999992111e-01
2.000000000000000000e+00 9.963759999999999284e-01
3.000000000000000000e+00 9.950159999999997895e-01
4.000000000000000000e+00 9.938840000000004338e-01
5.000000000000000000e+00 9.925960000000001449e-01
6.000000000000000000e+00 9.913400000000003320e-01
8.000000000000000000e+00 9.891679999999997142e-01
1.000000000000000000e+01 9.873599999999993493e-01
1.400000000000000000e+01 9.840079999999997717e-01
2.000000000000000000e+01 9.798480000000009404e-01
3.000000000000000000e+01 9.742040000000006250e-01
4.000000000000000000e+01 9.699120000000012176e-01
5.000000000000000000e+01 9.666840000000014310e-01
6.000000000000000000e+01 9.642000000000011672e-01
8.000000000000000000e+01 9.614640000000006514e-01
1.000000000000000000e+02 9.592000000000012738e-01
1.400000000000000000e+02 9.561840000000009221e-01
2.000000000000000000e+02 9.523200000000011656e-01
3.000000000000000000e+02 9.472720000000000029e-01
4.000000000000000000e+02 9.428920000000000634e-01
5.000000000000000000e+02 9.387199999999995548e-01
6.000000000000000000e+02 9.349960000000011595e-01
8.000000000000000000e+02 9.285799999999992949e-01
1.000000000000000000e+03 9.227759999999998186e-01
1.400000000000000000e+03 9.137279999999994295e-01
2.000000000000000000e+03 9.039879999999991256e-01
3.000000000000000000e+03 8.920800000000002061e-01
4.000000000000000000e+03 8.835040000000000671e-01
5.000000000000000000e+03 8.757600000000003160e-01
6.000000000000000000e+03 8.695480000000000986e-01
8.000000000000000000e+03 8.586119999999998198e-01
1.000000000000000000e+04 8.495440000000002989e-01
1.400000000000000000e+04 8.344279999999999475e-01
2.000000000000000000e+04 8.158880000000005017e-01
3.000000000000000000e+04 7.906239999999999934e-01
4.000000000000000000e+04 7.699719999999998787e-01
5.000000000000000000e+04 7.532639999999998226e-01
6.000000000000000000e+04 7.389880000000002003e-01
8.000000000000000000e+04 7.150839999999993868e-01
1.000000000000000000e+05 6.936279999999999113e-01
1.400000000000000000e+05 6.558960000000000345e-01
2.000000000000000000e+05 6.045320000000002914e-01
3.000000000000000000e+05 5.311400000000002786e-01
4.000000000000000000e+05 4.691480000000003980e-01
5.000000000000000000e+05 4.158280000000001420e-01
6.000000000000000000e+05 3.659720000000000750e-01
8.000000000000000000e+05 2.857159999999999700e-01
1.000000000000000000e+06 2.225520000000000276e-01
1.400000000000000000e+06 1.373220000000000551e-01
2.000000000000000000e+06 6.403024000000001603e-02
3.000000000000000000e+06 1.842028000000000415e-02
4.000000000000000000e+06 5.513400000000000765e-03
5.000000000000000000e+06 1.554920000000001518e-03
6.000000000000000000e+06 3.279999999999998412e-04
8.000000000000000000e+06 5.463999999999999863e-05
1.000000000000000000e+07 3.903999999999999891e-05
1.400000000000000000e+07 0.000000000000000000e+00
2.000000000000000000e+07 0.000000000000000000e+00
3.000000000000000000e+07 0.000000000000000000e+00
4.000000000000000000e+07 0.000000000000000000e+00
5.000000000000000000e+07 0.000000000000000000e+00
6.000000000000000000e+07 0.000000000000000000e+00
8.000000000000000000e+07 0.000000000000000000e+00
1.000000000000000000e+08 0.000000000000000000e+00
1.400000000000000000e+08 0.000000000000000000e+00
2.000000000000000000e+08 0.000000000000000000e+00
3.000000000000000000e+08 0.000000000000000000e+00
4.000000000000000000e+08 0.000000000000000000e+00
5.000000000000000000e+08 0.000000000000000000e+00
6.000000000000000000e+08 0.000000000000000000e+00
8.000000000000000000e+08 0.000000000000000000e+00
1.000000000000000000e+09 0.000000000000000000e+00
