0.000000000000000000e+00 1.000000000000000000e+00
1.000000000000000000e+00 9.979039999999993471e-01
2.000000000000000000e+00 9.962879999999993963e-01
3.000000000000000000e+00 9.948319999999991614e-01
4.000000000000000000e+00 9.934799999999999187e-01
5.000000000000000000e+00 9.922239999999996618e-01
6.000000000000000000e+00 9.910319999999994689e-01
8.000000000000000000e+00 9.888119999999992471e-01
1.000000000000000000e+01 9.870079999999999965e-01
1.400000000000000000e+01 9.837600000000000788e-01
2.000000000000000000e+01 9.792040000000005184e-01
3.000000000000000000e+01 9.731360000000012223e-01
4.000000000000000000e+01 9.689520000000013678e-01
5.000000000000000000e+01 9.659960000000009650e-01
6.000000000000000000e+01 9.636200000000009203e-01
8.000000000000000000e+01 9.602960000000010377e-01
1.000000000000000000e+02 9.581680000000014630e-01
1.400000000000000000e+02 9.551520000000004451e-01
2.000000000000000000e+02 9.514640000000007536e-01
3.000000000000000000e+02 9.460560000000005632e-01
4.000000000000000000e+02 9.414120000000003596e-01
5.000000000000000000e+02 9.370360000000003131e-01
6.000000000000000000e+02 9.330839999999993584e-01
8.000000000000000000e+02 9.261720000000001063e-01
1.000000000000000000e+03 9.202199999999990387e-01
1.400000000000000000e+03 9.115159999999986606e-01
2.000000000000000000e+03 9.017199999999990778e-01
3.000000000000000000e+03 8.903119999999997702e-01
4.000000000000000000e+03 8.819399999999998352e-01
5.000000000000000000e+03 8.748119999999998120e-01
6.000000000000000000e+03 8.688759999999999817e-01
8.000000000000000000e+03 8.584479999999998778e-01
1.000000000000000000e+04 8.497360000000003799e-01
1.400000000000000000e+04 8.350760000000002625e-01
2.000000000000000000e+04 8.185680000000004064e-01
3.000000000000000000e+04 7.968520000000002268e-01
4.000000000000000000e+04 7.806680000000002506e-01
5.000000000000000000e+04 7.682119999999998949e-01
6.000000000000000000e+04 7.586359999999993109e-01
8.000000000000000000e+04 7.434319999999999817e-01
1.000000000000000000e+05 7.318279999999994789e-01
1.400000000000000000e+05 7.116000000000000103e-01
2.000000000000000000e+05 6.905039999999998956e-01
3.000000000000000000e+05 6.636599999999998056e-01
4.000000000000000000e+05 6.415599999999994640e-01
5.000000000000000000e+05 6.232920000000000682e-01
6.000000000000000000e+05 6.089080000000003379e-01
8.000000000000000000e+05 5.832519999999998817e-01
1.000000000000000000e+06 5.617559999999995890e-01
1.400000000000000000e+06 5.279279999999999529e-01
2.000000000000000000e+06 4.886720000000001063e-01
3.000000000000000000e+06 4.367560000000001441e-01
4.000000000000000000e+06 3.977280000000001370e-01
5.000000000000000000e+06 3.638880000000001003e-01
6.000000000000000000e+06 3.340119999999999756e-01
8.000000000000000000e+06 2.848372000000001791e-01
1.000000000000000000e+07 2.486711999999999256e-01
1.400000000000000000e+07 1.925436000000001480e-01
2.000000000000000000e+07 1.305812400000000428e-01
3.000000000000000000e+07 7.022820000000003227e-02
4.000000000000000000e+07 3.707572000000000645e-02
5.000000000000000000e+07 2.048915999999998891e-02
6.000000000000000000e+07 1.149956000000000242e-02
8.000000000000000000e+07 3.499599999999999413e-03
1.000000000000000000e+08 1.156120000000000281e-03
1.400000000000000000e+08 5.232399999999999031e-04
2.000000000000000000e+08 0.000000000000000000e+00
3.000000000000000000e+08 0.000000000000000000e+00
4.000000000000000000e+08 0.000000000000000000e+00
5.000000000000000000e+08 0.000000000000000000e+00
6.000000000000000000e+08 0.000000000000000000e+00
8.000000000000000000e+08 0.000000000000000000e+00
1.000000000000000000e+09 0.000000000000000000e+00
