0.000000000000000000e+00 1.000000000000000000e+00
1.000000000000000000e+00 9.734719999999998929e-01
2.000000000000000000e+00 9.655560000000001919e-01
3.000000000000000000e+00 9.619440000000001323e-01
4.000000000000000000e+00 9.602400000000003155e-01
5.000000000000000000e+00 9.601800000000002555e-01
6.000000000000000000e+00 9.594440000000002966e-01
8.000000000000000000e+00 9.578960000000003028e-01
1.000000000000000000e+01 9.583560000000005408e-01
1.400000000000000000e+01 9.542600000000003302e-01
2.000000000000000000e+01 9.514880000000004445e-01
3.000000000000000000e+01 9.446800000000001862e-01
4.000000000000000000e+01 9.403159999999999297e-01
5.000000000000000000e+01 9.348159999999999803e-01
6.000000000000000000e+01 9.333039999999999115e-01
8.000000000000000000e+01 9.290159999999999529e-01
1.000000000000000000e+02 9.254799999999999693e-01
1.400000000000000000e+02 9.186479999999999091e-01
2.000000000000000000e+02 9.124519999999999298e-01
3.000000000000000000e+02 9.062519999999995024e-01
4.000000000000000000e+02 8.970119999999998095e-01
5.000000000000000000e+02 8.905960000000000543e-01
6.000000000000000000e+02 8.854239999999997668e-01
8.000000000000000000e+02 8.756919999999999149e-01
1.000000000000000000e+03 8.667199999999998239e-01
1.400000000000000000e+03 8.538719999999997423e-01
2.000000000000000000e+03 8.304959999999999010e-01
3.000000000000000000e+03 8.029479999999999951e-01
4.000000000000000000e+03 7.764479999999995830e-01
5.000000000000000000e+03 7.550599999999999534e-01
6.000000000000000000e+03 7.296919999999998963e-01
8.000000000000000000e+03 6.875279999999996949e-01
1.000000000000000000e+04 6.548799999999996846e-01
1.400000000000000000e+04 5.744640000000001967e-01
2.000000000000000000e+04 5.018200000000005989e-01
3.000000000000000000e+04 3.752944000000001390e-01
4.000000000000000000e+04 2.851107999999999421e-01
5.000000000000000000e+04 2.235179999999999667e-01
6.000000000000000000e+04 1.777372000000000118e-01
8.000000000000000000e+04 1.044727999999999490e-01
1.000000000000000000e+05 6.094279999999998448e-02
1.400000000000000000e+05 2.391479999999996872e-02
2.000000000000000000e+05 5.896400000000000426e-03
3.000000000000000000e+05 2.837599999999997416e-03
4.000000000000000000e+05 -3.276800000000001153e-03
5.000000000000000000e+05 5.010799999999992344e-03
6.000000000000000000e+05 2.701999999999999975e-03
8.000000000000000000e+05 -4.368800000000001675e-03
1.000000000000000000e+06 -5.049999999999998934e-03
1.400000000000000000e+06 -3.749600000000004839e-03
2.000000000000000000e+06 -2.144400000000002467e-03
3.000000000000000000e+06 1.483199999999997888e-03
4.000000000000000000e+06 -1.853600000000001904e-03
5.000000000000000000e+06 2.060399999999998691e-03
6.000000000000000000e+06 -5.432000000000001931e-03
8.000000000000000000e+06 -1.371600000000003415e-03
1.000000000000000000e+07 9.987999999999982569e-04
1.400000000000000000e+07 1.706799999999997902e-03
2.000000000000000000e+07 -3.633200000000001359e-03
3.000000000000000000e+07 4.445600000000002675e-03
4.000000000000000000e+07 -1.766800000000002180e-03
5.000000000000000000e+07 -5.998800000000002915e-03
6.000000000000000000e+07 -9.519999999999995480e-03
8.000000000000000000e+07 -5.791999999999998539e-03
1.000000000000000000e+08 -5.909599999999997494e-03
1.400000000000000000e+08 1.332799999999998352e-03
2.000000000000000000e+08 1.424799999999997987e-03
3.000000000000000000e+08 -1.178800000000000681e-03
4.000000000000000000e+08 2.102399999999998628e-03
5.000000000000000000e+08 2.975999999999968254e-04
6.000000000000000000e+08 2.983999999999995554e-04
8.000000000000000000e+08 -5.706800000000001455e-03
1.000000000000000000e+09 2.704799999999999392e-03
