0.000000000000000000e+00 1.000000000000000000e+00
1.000000000000000000e+00 9.746719999999998718e-01
2.000000000000000000e+00 9.658119999999997818e-01
3.000000000000000000e+00 9.616679999999998563e-01
4.000000000000000000e+00 9.603800000000001225e-01
5.000000000000000000e+00 9.601479999999998904e-01
6.000000000000000000e+00 9.594600000000000906e-01
8.000000000000000000e+00 9.591960000000000486e-01
1.000000000000000000e+01 9.567280000000001339e-01
1.400000000000000000e+01 9.549559999999998050e-01
2.000000000000000000e+01 9.528159999999997742e-01
3.000000000000000000e+01 9.490399999999998837e-01
4.000000000000000000e+01 9.423520000000000785e-01
5.000000000000000000e+01 9.399799999999999267e-01
6.000000000000000000e+01 9.381759999999998989e-01
8.000000000000000000e+01 9.337480000000000224e-01
1.000000000000000000e+02 9.311199999999998367e-01
1.400000000000000000e+02 9.253439999999998333e-01
2.000000000000000000e+02 9.209520000000002149e-01
3.000000000000000000e+02 9.125360000000001248e-01
4.000000000000000000e+02 9.049240000000001727e-01
5.000000000000000000e+02 8.972599999999999465e-01
6.000000000000000000e+02 8.926840000000004771e-01
8.000000000000000000e+02 8.838440000000008512e-01
1.000000000000000000e+03 8.816240000000000743e-01
1.400000000000000000e+03 8.690360000000004748e-01
2.000000000000000000e+03 8.533319999999998684e-01
3.000000000000000000e+03 8.382919999999997041e-01
4.000000000000000000e+03 8.358680000000003885e-01
5.000000000000000000e+03 8.259959999999998415e-01
6.000000000000000000e+03 8.203399999999997361e-01
8.000000000000000000e+03 8.138480000000004599e-01
1.000000000000000000e+04 8.145199999999997997e-01
1.400000000000000000e+04 7.959639999999998938e-01
2.000000000000000000e+04 7.821600000000004105e-01
3.000000000000000000e+04 7.671280000000005872e-01
4.000000000000000000e+04 7.545400000000000995e-01
5.000000000000000000e+04 7.377799999999999914e-01
6.000000000000000000e+04 7.348919999999996566e-01
8.000000000000000000e+04 7.229439999999999200e-01
1.000000000000000000e+05 7.096800000000003106e-01
1.400000000000000000e+05 6.909360000000002167e-01
2.000000000000000000e+05 6.691160000000005992e-01
3.000000000000000000e+05 6.446640000000003479e-01
4.000000000000000000e+05 6.173359999999998848e-01
5.000000000000000000e+05 6.036679999999999824e-01
6.000000000000000000e+05 5.848160000000000025e-01
8.000000000000000000e+05 5.545959999999996448e-01
1.000000000000000000e+06 5.335519999999994711e-01
1.400000000000000000e+06 4.922759999999999914e-01
2.000000000000000000e+06 4.498360000000000136e-01
3.000000000000000000e+06 3.876040000000002816e-01
4.000000000000000000e+06 3.379684000000002242e-01
5.000000000000000000e+06 2.944308000000001035e-01
6.000000000000000000e+06 2.660856000000000887e-01
8.000000000000000000e+06 2.138579999999998815e-01
1.000000000000000000e+07 1.748959999999999404e-01
1.400000000000000000e+07 1.167452000000000767e-01
2.000000000000000000e+07 6.868799999999999906e-02
3.000000000000000000e+07 2.595839999999996831e-02
4.000000000000000000e+07 4.964399999999996420e-03
5.000000000000000000e+07 -1.157600000000001683e-03
6.000000000000000000e+07 -3.096000000000023213e-04
8.000000000000000000e+07 4.331999999999972483e-04
1.000000000000000000e+08 -7.631199999999998575e-03
1.400000000000000000e+08 -8.833999999999992900e-03
2.000000000000000000e+08 -9.880000000000049062e-05
3.000000000000000000e+08 -2.056000000000002270e-04
4.000000000000000000e+08 -1.491600000000001779e-03
5.000000000000000000e+08 -7.148000000000004611e-04
6.000000000000000000e+08 -5.536000000000000122e-04
8.000000000000000000e+08 -6.928000000000002732e-03
1.000000000000000000e+09 -2.038800000000002069e-03
