0.000000000000000000e+00 1.000000000000000000e+00
1.000000000000000000e+00 9.976320000000000743e-01
2.000000000000000000e+00 9.961040000000001005e-01
3.000000000000000000e+00 9.947360000000002866e-01
4.000000000000000000e+00 9.935440000000002048e-01
5.000000000000000000e+00 9.924760000000005800e-01
6.000000000000000000e+00 9.914079999999999560e-01
8.000000000000000000e+00 9.890399999999993641e-01
1.000000000000000000e+01 9.869959999999997624e-01
1.400000000000000000e+01 9.833480000000001109e-01
2.000000000000000000e+01 9.788760000000006345e-01
3.000000000000000000e+01 9.730040000000012013e-01
4.000000000000000000e+01 9.688920000000010857e-01
5.000000000000000000e+01 9.657120000000007920e-01
6.000000000000000000e+01 9.635560000000007452e-01
8.000000000000000000e+01 9.600320000000009957e-01
1.000000000000000000e+02 9.578360000000006869e-01
1.400000000000000000e+02 9.548120000000012153e-01
2.000000000000000000e+02 9.511440000000005446e-01
3.000000000000000000e+02 9.458679999999997090e-01
4.000000000000000000e+02 9.411719999999998976e-01
5.000000000000000000e+02 9.367159999999991049e-01
6.000000000000000000e+02 9.325959999999998695e-01
8.000000000000000000e+02 9.257239999999997693e-01
1.000000000000000000e+03 9.196039999999994219e-01
1.400000000000000000e+03 9.097799999999994780e-01
2.000000000000000000e+03 8.978840000000002375e-01
3.000000000000000000e+03 8.831479999999996000e-01
4.000000000000000000e+03 8.717640000000003164e-01
5.000000000000000000e+03 8.622239999999997684e-01
6.000000000000000000e+03 8.540440000000003584e-01
8.000000000000000000e+03 8.381880000000010433e-01
1.000000000000000000e+04 8.239480000000009019e-01
1.400000000000000000e+04 7.979439999999995425e-01
2.000000000000000000e+04 7.632559999999996014e-01
3.000000000000000000e+04 7.129160000000005493e-01
4.000000000000000000e+04 6.682240000000001512e-01
5.000000000000000000e+04 6.291280000000001316e-01
6.000000000000000000e+04 5.938440000000005936e-01
8.000000000000000000e+04 5.268200000000000660e-01
1.000000000000000000e+05 4.703880000000001949e-01
1.400000000000000000e+05 3.730080000000000617e-01
2.000000000000000000e+05 2.635560000000000125e-01
3.000000000000000000e+05 1.475619999999999710e-01
4.000000000000000000e+05 8.366960000000006614e-02
5.000000000000000000e+05 4.646560000000002355e-02
6.000000000000000000e+05 2.596624000000000501e-02
8.000000000000000000e+05 8.593160000000009402e-03
1.000000000000000000e+06 2.632519999999999739e-03
1.400000000000000000e+06 2.966799999999999581e-04
2.000000000000000000e+06 0.000000000000000000e+00
3.000000000000000000e+06 0.000000000000000000e+00
4.000000000000000000e+06 0.000000000000000000e+00
5.000000000000000000e+06 0.000000000000000000e+00
6.000000000000000000e+06 0.000000000000000000e+00
8.000000000000000000e+06 0.000000000000000000e+00
1.000000000000000000e+07 0.000000000000000000e+00
1.400000000000000000e+07 0.000000000000000000e+00
2.000000000000000000e+07 0.000000000000000000e+00
3.000000000000000000e+07 0.000000000000000000e+00
4.000000000000000000e+07 0.000000000000000000e+00
5.000000000000000000e+07 0.000000000000000000e+00
6.000000000000000000e+07 0.000000000000000000e+00
8.000000000000000000e+07 0.000000000000000000e+00
1.000000000000000000e+08 0.000000000000000000e+00
1.400000000000000000e+08 0.000000000000000000e+00
2.000000000000000000e+08 0.000000000000000000e+00
3.000000000000000000e+08 0.000000000000000000e+00
4.000000000000000000e+08 0.000000000000000000e+00
5.000000000000000000e+08 0.000000000000000000e+00
6.000000000000000000e+08 0.000000000000000000e+00
8.000000000000000000e+08 0.000000000000000000e+00
1.000000000000000000e+09 0.000000000000000000e+00
