1.000000000000000000e+00 1.000000000000000000e+00
1.000000000000000000e+00 9.998309684848093459e-01
1.000000000000000000e+00 9.996619369696186919e-01
1.000000000000000000e+00 9.986139415754371473e-01
1.000000000000000000e+00 9.974307209691031240e-01
1.000000000000000000e+00 9.961460814536547970e-01
1.000000000000000000e+00 9.941853158774441868e-01
1.000000000000000000e+00 9.900947532098324233e-01
1.000000000000000000e+00 9.859703842391822626e-01
9.999249312972682269e-01 9.748819168426802184e-01
9.998123282431704562e-01 9.607846884757863526e-01
9.994369847295114795e-01 9.398585868951927491e-01
9.983109541885344385e-01 9.221778904062585269e-01
9.978980763235093532e-01 9.081482746454407895e-01
9.972224579989231730e-01 8.967893568246337876e-01
9.952706717278961834e-01 8.760322867592310603e-01
9.933188854568691939e-01 8.523340683295121956e-01
9.906914808612560241e-01 8.263708275962398098e-01
9.866377709137378327e-01 7.916855606791332045e-01
9.796188472083130483e-01 7.605161492779910493e-01
9.763908929908452494e-01 7.356347102419381612e-01
9.721495112864977362e-01 7.154861536312213666e-01
9.707982746373252647e-01 7.016593756886321254e-01
9.650930532297077313e-01 6.844519674422315791e-01
9.593127631193584248e-01 6.636272847707526124e-01
9.514305493325179164e-01 6.364808234311457591e-01
9.457253279249002720e-01 6.136953751834561821e-01
9.362666713806920837e-01 6.016603313018870081e-01
9.313496713517588343e-01 5.892872243899368589e-01
9.263576026200932567e-01 5.858727877830873787e-01
9.244808850517977072e-01 5.719107846283455476e-01
9.176120987518374683e-01 5.645410105660365607e-01
9.142715414802717877e-01 5.606532857166534045e-01
9.063893276934315013e-01 5.565965293520794832e-01
9.002336940694229961e-01 5.431754270459474565e-01
8.929520299044372278e-01 5.276921402544909601e-01
8.894988695787738875e-01 5.202547535861056227e-01
8.875095489563806783e-01 5.150147766151975670e-01
8.798150069263702688e-01 5.092000924926418648e-01
8.740347168160206293e-01 5.029121201275522646e-01
8.728336175723115931e-01 4.956775712773957010e-01
8.531280831052110436e-01 4.668407947858834173e-01
8.402913349380713992e-01 4.574426425412872477e-01
8.202855256600438683e-01 4.296200551409184998e-01
8.010679377607000662e-01 4.053809358625895531e-01
7.890944796749762569e-01 3.963884592544510421e-01
7.729547085876365964e-01 3.729944975520752548e-01
7.447288763604758000e-01 3.458818425155067433e-01
7.248732044879118153e-01 3.231978131769313589e-01
6.820840439307793712e-01 2.834754071071457493e-01
6.344529520474452289e-01 2.520017389786604611e-01
5.633253562090541067e-01 1.979792667237521842e-01
5.155816612716220826e-01 1.731316339907373880e-01
4.579664319249570070e-01 1.435173125293483509e-01
4.261748363180348775e-01 1.280340257378915492e-01
3.739645535680601318e-01 1.066008296117264414e-01
3.336901945524434199e-01 8.584375954632365857e-02
2.638387666604929960e-01 6.424153190496796617e-02
1.999553006357216722e-01 4.463387614286106614e-02
1.308170254197234539e-01 2.658131032050747855e-02
8.656402515932069830e-02 1.627038789388230919e-02
6.738397161134292157e-02 1.211221262019412243e-02
5.128173487536941827e-02 8.089262558658398897e-03
2.635892556840807241e-02 3.052123405979213257e-03
1.896465834932465830e-02 3.018317102941098749e-03
