1.000000000000000000e+00 1.000000000000000000e+00
1.000000000000000000e+00 1.000000000000000000e+00
1.000000000000000000e+00 9.999655272241424475e-01
1.000000000000000000e+00 9.998793452844982887e-01
1.000000000000000000e+00 9.998103997327829617e-01
1.000000000000000000e+00 9.996725086293526408e-01
1.000000000000000000e+00 9.994139628104202755e-01
9.999624812542705632e-01 9.985521434139795760e-01
9.999624812542705632e-01 9.973973054227488477e-01
9.998686843899466936e-01 9.950876294402877242e-01
9.994747375597866634e-01 9.904165683115787600e-01
9.990057532381674266e-01 9.826601937436122425e-01
9.981615814592528224e-01 9.752140741583642525e-01
9.978614314934165508e-01 9.678196637369026467e-01
9.967546284943953339e-01 9.613732546515256772e-01
9.944284662591643675e-01 9.519621868423929767e-01
9.929464758028480054e-01 9.414307538178871004e-01
9.885380231796278006e-01 9.257111680268078624e-01
9.838669393363009830e-01 9.104397283218778059e-01
9.769822494949317315e-01 8.864122035491099894e-01
9.719547375671742095e-01 8.705374902666714876e-01
9.669084662665522467e-01 8.600060572421655003e-01
9.633066666765172092e-01 8.470787662955543418e-01
9.582228766301655876e-01 8.317039082630515168e-01
9.520698023305222968e-01 8.171046876873453435e-01
9.459917655223381017e-01 8.006611736032559490e-01
9.392383912910221566e-01 7.850105333638920380e-01
9.291833674355074457e-01 7.646543592199618322e-01
9.193909748000995696e-01 7.565704932813474004e-01
9.157891752100647542e-01 7.471938982480722524e-01
9.141195910251003198e-01 7.432295290244449459e-01
9.074600136581083554e-01 7.343872620169628052e-01
8.996373551735007412e-01 7.219081171565008281e-01
8.905202999612243930e-01 7.127900679421577124e-01
8.825850852394282464e-01 6.968981182717902678e-01
8.767696796513507751e-01 6.900552722640508341e-01
8.675025494561561246e-01 6.758524886107074581e-01
8.613494751565129448e-01 6.746114686798329041e-01
8.541458759764427588e-01 6.564960249666483838e-01
8.445598364425470628e-01 6.485155773556070535e-01
8.351989093830288757e-01 6.347954125642704115e-01
8.176401363816075962e-01 6.087512304038312783e-01
8.017884663108799659e-01 5.922042979921688932e-01
7.763319973333923096e-01 5.617131277460952754e-01
7.549838310132884756e-01 5.301877742242929736e-01
7.395448671455858713e-01 5.109174925198779471e-01
7.254003000055521122e-01 5.005239505988026139e-01
6.893635447323361864e-01 4.605527669918809131e-01
6.634568508060940673e-01 4.314232713921837270e-01
6.168585686100147569e-01 3.867982630444820047e-01
5.618748467433850591e-01 3.386570315593020464e-01
4.916772734834298220e-01 2.792087295928195601e-01
4.346675393474053739e-01 2.386342724083893307e-01
3.869999728980343945e-01 2.017828750165831797e-01
3.533831767243733601e-01 1.816680103036562022e-01
3.001440765341668038e-01 1.465747244805891414e-01
2.619312340086381030e-01 1.240640018455568816e-01
2.016573689941441871e-01 8.766075053989989818e-02
1.461483846873009307e-01 5.989292958657913002e-02
8.949507863570697885e-02 3.369361993478051792e-02
5.889854149327328203e-02 2.123171146224736572e-02
3.920119998526875454e-02 1.514726652337571727e-02
3.072196345039442458e-02 1.130355201524999888e-02
1.907239290137460047e-02 5.822380653886869394e-03
1.156864375546811513e-02 4.271105740293531204e-03
