1.000000000000000000e+00 1.000000000000000000e+00
1.000000000000000000e+00 1.000000000000000000e+00
1.000000000000000000e+00 1.000000000000000000e+00
1.000000000000000000e+00 9.999310466434780942e-01
1.000000000000000000e+00 9.999310466434780942e-01
1.000000000000000000e+00 9.996897098956514238e-01
1.000000000000000000e+00 9.994483731478249755e-01
1.000000000000000000e+00 9.988277929391278231e-01
1.000000000000000000e+00 9.979658759826046666e-01
9.999249312972682269e-01 9.960007053217309059e-01
9.998123282431704562e-01 9.911394936869388772e-01
9.994369847295114795e-01 9.852784583825791032e-01
9.983109541885344385e-01 9.781073093043040068e-01
9.978980763235093532e-01 9.725220874260319670e-01
9.972224579989231730e-01 9.671437256173257557e-01
9.952706717278961834e-01 9.591106595825268366e-01
9.933188854568691939e-01 9.479746925042440431e-01
9.906914808612560241e-01 9.327015240346483438e-01
9.866377709137378327e-01 9.150149880867869401e-01
9.796188472083130483e-01 8.957770016171832106e-01
9.763908929908452494e-01 8.798142995823687862e-01
9.721495112864977362e-01 8.678853689040838537e-01
9.707982746373252647e-01 8.591282926258055896e-01
9.650930532297077313e-01 8.452341912866472295e-01
9.593127631193584248e-01 8.316159033735769368e-01
9.514305493325179164e-01 8.151015744865875989e-01
9.457253279249002720e-01 7.984838155648152913e-01
9.362666713806920837e-01 7.839346573386991590e-01
9.313496713517588343e-01 7.740743273560706239e-01
9.263576026200932567e-01 7.688338722604081132e-01
9.244808850517977072e-01 7.594217390951720770e-01
9.176120987518374683e-01 7.531125069734200261e-01
9.142715414802717877e-01 7.454586843994918111e-01
9.063893276934315013e-01 7.416317731125275925e-01
9.002336940694229961e-01 7.336676604342506902e-01
8.929520299044372278e-01 7.191185022081347800e-01
8.894988695787738875e-01 7.131885135472535442e-01
8.875095489563806783e-01 7.080514884863738923e-01
8.798150069263702688e-01 7.009837694428814325e-01
8.740347168160206293e-01 6.902270458254686769e-01
8.728336175723115931e-01 6.866759479645917486e-01
8.531280831052110436e-01 6.620595996862818078e-01
8.402913349380713992e-01 6.477173015297315040e-01
8.202855256600438683e-01 6.132061465905321862e-01
8.010679377607000662e-01 5.929338597731003135e-01
7.890944796749762569e-01 5.798671987122047122e-01
7.729547085876365964e-01 5.556645705730259843e-01
7.447288763604758000e-01 5.226014361207860226e-01
7.248732044879118153e-01 4.996054917207402024e-01
6.820840439307793712e-01 4.492005881032483661e-01
6.344529520474452289e-01 4.086215377901238344e-01
5.633253562090541067e-01 3.364273735117188635e-01
5.155816612716220826e-01 2.971239602942491453e-01
4.579664319249570070e-01 2.570965368332996381e-01
4.261748363180348775e-01 2.291014740854176446e-01
3.739645535680601318e-01 1.954177594244808358e-01
3.336901945524434199e-01 1.657333394418128436e-01
2.638387666604929960e-01 1.247750456678180103e-01
1.999553006357216722e-01 8.712651300687329625e-02
1.308170254197234539e-01 5.178791778941142093e-02
8.656402515932069830e-02 3.420481187633285514e-02
6.738397161134292157e-02 2.606831580675139648e-02
5.128173487536941827e-02 2.000042043282623111e-02
2.635892556840807241e-02 7.968059719758734810e-03
1.896465834932465830e-02 6.864806015408709237e-03
