0.000000000000000000e+00 1.000000000000000000e+00
2.083333333333333467e-04 9.976158760762157129e-01
4.166666666666666934e-04 9.953372540495806220e-01
6.250000000000001214e-04 9.932265229653971517e-01
8.333333333333333868e-04 9.910114849736253451e-01
1.041666666666666652e-03 9.889633342284097628e-01
1.250000000000000243e-03 9.870691559051383290e-01
1.666666666666666774e-03 9.834059809964799115e-01
2.083333333333333304e-03 9.803820640894572724e-01
2.916666666666666800e-03 9.742440723537310054e-01
4.166666666666666609e-03 9.667072694421172674e-01
6.250000000000000347e-03 9.556541993155291959e-01
8.333333333333333218e-03 9.465883380070962971e-01
1.041666666666666782e-02 9.393537368210997940e-01
1.250000000000000069e-02 9.329108276530962973e-01
1.666666666666666644e-02 9.224550703806884133e-01
2.083333333333333565e-02 9.147517475791950847e-01
2.916666666666666713e-02 9.007341635034380456e-01
4.166666666666667129e-02 8.845558310478300879e-01
6.250000000000001388e-02 8.692572904963704605e-01
8.333333333333334259e-02 8.570054908231755642e-01
1.041666666666666713e-01 8.451591550315777912e-01
1.250000000000000278e-01 8.366281887928360694e-01
1.666666666666666852e-01 8.309629621504338592e-01
2.083333333333333426e-01 8.224929323548766380e-01
2.916666666666666852e-01 8.057230866008339154e-01
4.166666666666666852e-01 7.969778904310269585e-01
6.250000000000000000e-01 7.854399120071599016e-01
8.333333333333333703e-01 7.738629856861123368e-01
1.041666666666666741e+00 7.650514233993659374e-01
1.250000000000000000e+00 7.609457766947235191e-01
1.666666666666666741e+00 7.525228769158402997e-01
2.083333333333333481e+00 7.521243729615927354e-01
2.916666666666666963e+00 7.458767301696126450e-01
4.166666666666666963e+00 7.329019615312025726e-01
6.250000000000000000e+00 7.129773697085044493e-01
8.333333333333333925e+00 6.998796175842297851e-01
1.041666666666666785e+01 6.948097376602706543e-01
1.250000000000000000e+01 6.971815778334362612e-01
1.666666666666666785e+01 6.832623907178467793e-01
2.083333333333333570e+01 6.749164771954317965e-01
2.916666666666666785e+01 6.438313856191190121e-01
4.166666666666667140e+01 6.227868515566414853e-01
6.250000000000000000e+01 5.714656246088525293e-01
8.333333333333334281e+01 5.376816073721049083e-01
1.041666666666666714e+02 5.132676322954139447e-01
1.250000000000000000e+02 4.834150126530067371e-01
1.666666666666666856e+02 4.586996901353067591e-01
2.083333333333333428e+02 4.314058223828899363e-01
2.916666666666666856e+02 3.820321067242150592e-01
4.166666666666666856e+02 3.251739054501039949e-01
6.250000000000000000e+02 2.307865036397917236e-01
8.333333333333333712e+02 1.555664428174220459e-01
1.041666666666666742e+03 1.238452128310577605e-01
1.250000000000000000e+03 8.337827643068865258e-02
1.666666666666666742e+03 6.172298697159463166e-02
2.083333333333333485e+03 4.387295759129451744e-02
2.916666666666666970e+03 1.624819238321784792e-02
4.166666666666666970e+03 3.533577958558911485e-03
6.250000000000000000e+03 -5.855621661940677708e-03
