0.000000000000000000e+00 9.999999999999998890e-01
1.000000000000000000e+00 9.972920106553324615e-01
2.000000000000000000e+00 9.957683451006941189e-01
3.000000000000000000e+00 9.966596908567152413e-01
4.000000000000000000e+00 9.966588421976350087e-01
5.000000000000000000e+00 9.965100411184000251e-01
6.000000000000000000e+00 9.973532914148899309e-01
8.000000000000000000e+00 9.981025686663027585e-01
1.000000000000000000e+01 9.961937520492254450e-01
1.400000000000000000e+01 9.968128615422958694e-01
2.000000000000000000e+01 9.976291540318686923e-01
3.000000000000000000e+01 9.968928941387319442e-01
4.000000000000000000e+01 9.958862967137622757e-01
5.000000000000000000e+01 9.967826856843429173e-01
6.000000000000000000e+01 9.975860610999787159e-01
8.000000000000000000e+01 9.965507301930176531e-01
1.000000000000000000e+02 9.955166479130436175e-01
1.400000000000000000e+02 9.988131559886307409e-01
2.000000000000000000e+02 9.941694042311801649e-01
3.000000000000000000e+02 9.953157133017959124e-01
4.000000000000000000e+02 9.932085444469286317e-01
5.000000000000000000e+02 9.926591936748450085e-01
6.000000000000000000e+02 9.938247727259063025e-01
8.000000000000000000e+02 9.909481753242355140e-01
1.000000000000000000e+03 9.880731709855616884e-01
1.400000000000000000e+03 9.862946586868374110e-01
2.000000000000000000e+03 9.855903096958102960e-01
3.000000000000000000e+03 9.851192665690214900e-01
4.000000000000000000e+03 9.811248478598300071e-01
5.000000000000000000e+03 9.772572688321444767e-01
6.000000000000000000e+03 9.734534009810333899e-01
8.000000000000000000e+03 9.664635960498455525e-01
1.000000000000000000e+04 9.603790339613181848e-01
1.400000000000000000e+04 9.549193604466784668e-01
2.000000000000000000e+04 9.511433518197036641e-01
3.000000000000000000e+04 9.439892655239352504e-01
4.000000000000000000e+04 9.327252263553936773e-01
5.000000000000000000e+04 9.188433021607669282e-01
6.000000000000000000e+04 9.057193433088009948e-01
8.000000000000000000e+04 8.955632105526896147e-01
1.000000000000000000e+05 8.707451373929590011e-01
1.400000000000000000e+05 8.440036649896962562e-01
2.000000000000000000e+05 8.125309182790120266e-01
3.000000000000000000e+05 7.278922279703157194e-01
4.000000000000000000e+05 6.856478776752701343e-01
5.000000000000000000e+05 6.480200149854338232e-01
6.000000000000000000e+05 5.950674832739772935e-01
8.000000000000000000e+05 5.133701410645576946e-01
1.000000000000000000e+06 4.648492578851182722e-01
1.400000000000000000e+06 3.671116251265498232e-01
2.000000000000000000e+06 2.657456126436784638e-01
3.000000000000000000e+06 1.605024262361604837e-01
4.000000000000000000e+06 9.676817549959991493e-02
5.000000000000000000e+06 1.219677785067699652e-02
6.000000000000000000e+06 2.700110481625174128e-02
8.000000000000000000e+06 4.880895577821807441e-02
1.000000000000000000e+07 1.495440686132660027e-02
1.400000000000000000e+07 -8.466630087232749832e-03
2.000000000000000000e+07 1.796806134085916773e-02
3.000000000000000000e+07 1.216294461595944509e-02
4.000000000000000000e+07 2.435255509441723240e-02
5.000000000000000000e+07 -8.317857389618843814e-03
