1.000000000000000000e+00 1.000000000000000000e+00
1.000000000000000000e+00 9.998975614545225765e-01
1.000000000000000000e+00 9.995082949817080120e-01
9.999895537042856608e-01 9.987297620360787720e-01
9.998224129728544574e-01 9.975517187630873472e-01
9.996657185371379262e-01 9.959946528718290892e-01
9.994463463271344716e-01 9.941917344714250593e-01
9.987568908099820897e-01 9.894488298158164996e-01
9.979002945613981712e-01 9.847878759965904560e-01
9.953827372942204432e-01 9.751381650126097478e-01
9.913609134441635495e-01 9.587275100271135386e-01
9.831396787169045526e-01 9.368978559858570643e-01
9.757332550553720063e-01 9.167584379449796872e-01
9.685879887866993831e-01 9.005629039049869444e-01
9.623411039494682573e-01 8.875122332111521350e-01
9.520201637836084307e-01 8.635825889876070915e-01
9.422319846991837888e-01 8.449797491288926210e-01
9.254343411903753758e-01 8.162662248315479818e-01
9.079367958686999085e-01 7.825332118058055952e-01
8.851429786198060645e-01 7.467821594341567115e-01
8.684393517724274814e-01 7.206500864828453423e-01
8.582333208594259411e-01 7.022418798605376544e-01
8.471602474021272533e-01 6.867121963661479978e-01
8.307177779476089263e-01 6.629771853790101810e-01
8.196655970817388059e-01 6.461875077752472496e-01
8.018860017757736269e-01 6.234768822428842228e-01
7.827170491397887897e-01 5.988813874737355381e-01
7.694502535824581102e-01 5.824400009245959131e-01
7.580115597751536649e-01 5.684264079032737005e-01
7.498738954136099366e-01 5.603849820832894624e-01
7.382576145791603928e-01 5.454904175708604752e-01
7.317077871662105437e-01 5.381455738601229610e-01
7.248341245861137372e-01 5.330441342953435857e-01
7.196318693203257455e-01 5.250744154571935773e-01
7.100108309673326401e-01 5.184056661466082128e-01
6.975692927714424174e-01 5.066149895621475663e-01
6.887944043713187803e-01 4.984916129057810896e-01
6.789017623297503023e-01 4.876843463579044191e-01
6.813984270055000181e-01 4.913516462859992551e-01
6.678495814638802930e-01 4.784443895558337378e-01
6.600148596780551769e-01 4.685898014808975720e-01
6.476673381435951171e-01 4.595035024970428039e-01
6.362808758148628119e-01 4.505196420586658479e-01
6.166000546888705802e-01 4.331665524547765322e-01
6.026855887972454306e-01 4.209968532520491080e-01
5.860550860198678880e-01 4.034696181208479726e-01
5.763191384140160523e-01 3.941784420460381355e-01
5.558339525180124863e-01 3.771736434967727924e-01
5.399033515535016647e-01 3.664790593489212767e-01
5.146651011074310222e-01 3.417094190524606612e-01
4.797640271255094735e-01 3.142456450099417320e-01
4.387309775592156957e-01 2.816496998389996786e-01
4.046447146430197095e-01 2.548825079057276954e-01
3.783722809212203275e-01 2.331860239735922546e-01
3.551919507308928248e-01 2.168265882608348682e-01
3.167913676846360604e-01 1.908891485459306980e-01
2.908741080171272642e-01 1.713233863597273254e-01
2.515229120608570845e-01 1.445869259900986747e-01
2.035848610273230663e-01 1.126363436556649528e-01
1.512280269065834903e-01 7.924137782999851609e-02
1.209546619261558792e-01 6.147853404419924978e-02
9.780567062297174097e-02 5.044590269627199919e-02
7.842779207269806596e-02 3.894205403914825087e-02
5.859027651098930312e-02 2.830893301858329950e-02
4.415349583364255176e-02 2.078994378053445474e-02
