0.000000000000000000e+00 1.000000000000000000e+00
1.000000000000000000e+00 9.963533946016102094e-01
2.000000000000000000e+00 9.972848244620928782e-01
3.000000000000000000e+00 9.946439341645744170e-01
4.000000000000000000e+00 9.952706347701971712e-01
5.000000000000000000e+00 9.944695024898447810e-01
6.000000000000000000e+00 9.954970774811047196e-01
8.000000000000000000e+00 9.955700447001457620e-01
1.000000000000000000e+01 9.936292544374857316e-01
1.400000000000000000e+01 9.938603959564934476e-01
2.000000000000000000e+01 9.953280547425559233e-01
3.000000000000000000e+01 9.938644330706701835e-01
4.000000000000000000e+01 9.945773693745989519e-01
5.000000000000000000e+01 9.936639012039092389e-01
6.000000000000000000e+01 9.941603134076799630e-01
8.000000000000000000e+01 9.929666623934407799e-01
1.000000000000000000e+02 9.915557726477894906e-01
1.400000000000000000e+02 9.928645779451358289e-01
2.000000000000000000e+02 9.929591872443309652e-01
3.000000000000000000e+02 9.864836410116828436e-01
4.000000000000000000e+02 9.826753544897096626e-01
5.000000000000000000e+02 9.853748794501723252e-01
6.000000000000000000e+02 9.888881823270688765e-01
8.000000000000000000e+02 9.866133786918137583e-01
1.000000000000000000e+03 9.817848655051212292e-01
1.400000000000000000e+03 9.820690987531108807e-01
2.000000000000000000e+03 9.863508855271009290e-01
3.000000000000000000e+03 9.813761211988207833e-01
4.000000000000000000e+03 9.699853730957594955e-01
5.000000000000000000e+03 9.683577055960697066e-01
6.000000000000000000e+03 9.627981923667124908e-01
8.000000000000000000e+03 9.506957836198645095e-01
1.000000000000000000e+04 9.552662032240586409e-01
1.400000000000000000e+04 9.456963704215269884e-01
2.000000000000000000e+04 9.373536180041217580e-01
3.000000000000000000e+04 9.153663106232361457e-01
4.000000000000000000e+04 8.934324186342147422e-01
5.000000000000000000e+04 8.685204255760057279e-01
6.000000000000000000e+04 8.422455644742498082e-01
8.000000000000000000e+04 8.025243698859616526e-01
1.000000000000000000e+05 7.729815584343840973e-01
1.400000000000000000e+05 7.136958125107694118e-01
2.000000000000000000e+05 6.477595694029661955e-01
3.000000000000000000e+05 5.289536136996755289e-01
4.000000000000000000e+05 4.535324397797157459e-01
5.000000000000000000e+05 3.659332105728878015e-01
6.000000000000000000e+05 2.806627874383278431e-01
8.000000000000000000e+05 1.993230776221595613e-01
1.000000000000000000e+06 1.482253124087515306e-01
1.400000000000000000e+06 8.140721219097855899e-02
2.000000000000000000e+06 4.115375073653951277e-02
3.000000000000000000e+06 1.498759267707779237e-02
4.000000000000000000e+06 1.715796037974553351e-02
5.000000000000000000e+06 2.902679186789121693e-02
6.000000000000000000e+06 -4.321819401230755225e-02
8.000000000000000000e+06 5.447585707201160060e-03
1.000000000000000000e+07 -1.297459220402159830e-02
1.400000000000000000e+07 2.116111179256941963e-02
2.000000000000000000e+07 -7.497428860782670394e-03
3.000000000000000000e+07 2.471233827201147967e-02
4.000000000000000000e+07 -6.871100957564689471e-02
5.000000000000000000e+07 -3.829242500893788315e-02
