0.000000000000000000e+00 1.000000000000000000e+00
6.756000000000000894e-02 9.968948134114778981e-01
1.362400000000000000e-01 9.938447833769114004e-01
2.043000000000000094e-01 9.908281380189123411e-01
2.732600000000000029e-01 9.879579203987758351e-01
3.407999999999999918e-01 9.850258907113144113e-01
4.077399999999999913e-01 9.820679028783786402e-01
5.419800000000000173e-01 9.765423610110740560e-01
6.781800000000000050e-01 9.709885737698671360e-01
9.469800000000000439e-01 9.602020448981735123e-01
1.344019999999999992e+00 9.449881448162764652e-01
2.011519999999999975e+00 9.217373347983530696e-01
2.694860000000000255e+00 9.015448653537433410e-01
3.375059999999999949e+00 8.831906256484236550e-01
4.049380000000000202e+00 8.665498306552006369e-01
5.391939999999999955e+00 8.385130356443504240e-01
6.729540000000000077e+00 8.144590286202439966e-01
9.429520000000000124e+00 7.787513285464001678e-01
1.347604000000000113e+01 7.382503468390704260e-01
2.020558000000000121e+01 6.956819502911287811e-01
2.694211999999999918e+01 6.685602089008561011e-01
3.365376000000000545e+01 6.500359084635517481e-01
4.036278000000000077e+01 6.335724067514318936e-01
5.377466000000000435e+01 6.139705262685989373e-01
6.721850000000000591e+01 5.963700802034274107e-01
9.406789999999999452e+01 5.773101881509214994e-01
1.344192999999999927e+02 5.542746779441987126e-01
2.015355000000000132e+02 5.371017289774613346e-01
2.688054000000000201e+02 5.236769930070981349e-01
3.361612199999999575e+02 5.159147465435002244e-01
4.035830000000000268e+02 5.108356256440707011e-01
5.382682600000000548e+02 5.030926902120270716e-01
6.728898799999999483e+02 4.988605066073672489e-01
9.423043399999999110e+02 4.938355241416000352e-01
1.346799399999999878e+03 4.813989092599295638e-01
2.021055600000000140e+03 4.697857485040833336e-01
2.694779399999999896e+03 4.676784823993291873e-01
3.369004600000000210e+03 4.575749804598562842e-01
4.043922000000000025e+03 4.557248457069020264e-01
5.393847600000000057e+03 4.490804527079939601e-01
6.741814199999999801e+03 4.425462812936432622e-01
9.438054599999999482e+03 4.341111853417551347e-01
1.348454399999999987e+04 4.184558002570503699e-01
2.022731399999999849e+04 4.114550971698055504e-01
2.696794800000000032e+04 3.986179701696049849e-01
3.369693200000000070e+04 3.971812983980354539e-01
4.043000000000000000e+04 3.839104915558014808e-01
5.390438799999999901e+04 3.737351942326071486e-01
6.737640600000000268e+04 3.637779745665069564e-01
9.431477199999999721e+04 3.462905253474771738e-01
1.347190000000000000e+05 3.229393407203225985e-01
2.020998200000000070e+05 3.003746029152922215e-01
2.694302000000000116e+05 2.791549462652876956e-01
3.367049799999999814e+05 2.700837563742836123e-01
4.039878200000000070e+05 2.534110078854779347e-01
5.385256800000000512e+05 2.388291542746042995e-01
6.732052199999999721e+05 2.161766880419596915e-01
9.427738000000000466e+05 1.885214274557671654e-01
1.346672199999999953e+06 1.599670884622328704e-01
2.020678600000000093e+06 1.227108275682038813e-01
2.695470600000000093e+06 1.015146988579956472e-01
3.370381799999999814e+06 8.070327893708419131e-02
4.045574399999999907e+06 6.782246017305415542e-02
5.397231599999999627e+06 4.925258181263169471e-02
6.750919799999999814e+06 3.533180212980573109e-02
9.457604599999999627e+06 2.139488343145293930e-02
1.350175800000000000e+07 1.206617035780385531e-02
2.023048400000000000e+07 4.541880994933576374e-03
2.696818400000000000e+07 1.179972566407949891e-03
3.369355000000000000e+07 -7.245914803765585339e-04
4.043497800000000000e+07 2.050567500931771425e-03
