0.000000000000000000e+00 1.000000000000000000e+00
1.000000000000000000e+00 9.942321747658467990e-01
2.000000000000000000e+00 9.932756386379750779e-01
3.000000000000000000e+00 9.936402726847830547e-01
4.000000000000000000e+00 9.954782217788696874e-01
5.000000000000000000e+00 9.946196935518841764e-01
6.000000000000000000e+00 9.939918553639028875e-01
8.000000000000000000e+00 9.912863190988667750e-01
1.000000000000000000e+01 9.954138844960833676e-01
1.400000000000000000e+01 9.889468255437635635e-01
2.000000000000000000e+01 9.930803240369951990e-01
3.000000000000000000e+01 9.901793850251314755e-01
4.000000000000000000e+01 9.950508291324792198e-01
5.000000000000000000e+01 9.921974825490443850e-01
6.000000000000000000e+01 9.901561757424363064e-01
8.000000000000000000e+01 9.930957263211493968e-01
1.000000000000000000e+02 9.894298926422859797e-01
1.400000000000000000e+02 9.885400592860938973e-01
2.000000000000000000e+02 9.907566710721076308e-01
3.000000000000000000e+02 9.892215179102712419e-01
4.000000000000000000e+02 9.871886735983863570e-01
5.000000000000000000e+02 9.901586872907184311e-01
6.000000000000000000e+02 9.914855705082005199e-01
8.000000000000000000e+02 9.882167918185182920e-01
1.000000000000000000e+03 9.915423222785108015e-01
1.400000000000000000e+03 9.874413105356388831e-01
2.000000000000000000e+03 9.869409012815231197e-01
3.000000000000000000e+03 9.782970377444892840e-01
4.000000000000000000e+03 9.768659969475851357e-01
5.000000000000000000e+03 9.662456158869211498e-01
6.000000000000000000e+03 9.588517730835314223e-01
8.000000000000000000e+03 9.555215696042836937e-01
1.000000000000000000e+04 9.499373853135671952e-01
1.400000000000000000e+04 9.516575849905208884e-01
2.000000000000000000e+04 9.324887205874520246e-01
3.000000000000000000e+04 9.064909180000632061e-01
4.000000000000000000e+04 9.010865037386820431e-01
5.000000000000000000e+04 8.837450618801339086e-01
6.000000000000000000e+04 8.565937002198499295e-01
8.000000000000000000e+04 8.320857860275067130e-01
1.000000000000000000e+05 7.967068968629542614e-01
1.400000000000000000e+05 7.546781088978222751e-01
2.000000000000000000e+05 6.877579828794663230e-01
3.000000000000000000e+05 5.780348666331145413e-01
4.000000000000000000e+05 5.125442514533964378e-01
5.000000000000000000e+05 4.306009240699770757e-01
6.000000000000000000e+05 3.370205968483666048e-01
8.000000000000000000e+05 2.479910892863407823e-01
1.000000000000000000e+06 1.586706130580599061e-01
1.400000000000000000e+06 7.011265589173602819e-02
2.000000000000000000e+06 3.548940435121607923e-02
3.000000000000000000e+06 9.766200458067213555e-03
4.000000000000000000e+06 -1.057101469337219657e-03
5.000000000000000000e+06 1.129645103815240777e-03
6.000000000000000000e+06 9.346576232082275809e-03
8.000000000000000000e+06 4.248173672888691001e-03
1.000000000000000000e+07 -4.624229165949957782e-02
1.400000000000000000e+07 -2.805901757167586150e-02
2.000000000000000000e+07 4.235959245911317429e-03
3.000000000000000000e+07 -3.329183820622842738e-02
4.000000000000000000e+07 2.285406909846850534e-02
5.000000000000000000e+07 1.816153201307838666e-02
