0.000000000000000000e+00 1.000000000000000000e+00
9.999996500000000177e-01 1.000000000000000000e+00
1.999999949999999860e+00 9.999740808750170462e-01
3.000000250000000257e+00 1.000000000000000000e+00
4.000001749999999134e+00 1.000000000000000000e+00
5.000002750000000162e+00 9.999222426250509166e-01
6.000003000000000419e+00 9.999481617500340924e-01
8.000003750000001190e+00 9.999222426250510276e-01
1.000000400000000056e+01 9.997408087501700180e-01
1.400000149999999977e+01 9.994556983753570822e-01
2.000000000000000000e+01 9.991187497505781279e-01
3.000001499999999766e+01 9.982634186261394316e-01
4.000003500000000400e+01 9.973821683767176705e-01
5.000003000000001663e+01 9.962935651274320570e-01
6.000003000000000952e+01 9.952049618781462215e-01
8.000003000000000952e+01 9.945051455036053589e-01
1.000000775000000175e+02 9.921205860051700576e-01
1.400000000000000000e+02 9.910319827558844441e-01
2.000000000000000000e+02 9.875069817581972886e-01
3.000000750000000380e+02 9.839560616355272904e-01
4.000002999999999815e+02 9.798867590131973282e-01
5.000002999999999815e+02 9.778132290145578054e-01
6.000003000000000384e+02 9.754286695161225040e-01
8.000003000000000384e+02 9.702189253945407987e-01
1.000000800000000027e+03 9.686896970205443047e-01
1.400000000000000000e+03 9.612768272754081966e-01
2.000000000000000000e+03 9.528271925309523827e-01
3.000000000000000000e+03 9.454920801607653580e-01
4.000003000000000156e+03 9.368350924164456917e-01
5.000002999999999702e+03 9.301479581708335109e-01
6.000002999999999702e+03 9.269080675479592912e-01
8.000002999999999702e+03 9.198580655525852023e-01
1.000000799999999981e+04 9.083240549351532245e-01
1.400000000000000000e+04 8.981637579418200179e-01
2.000000000000000000e+04 8.857484970749661679e-01
3.000000000000000000e+04 8.708190810847621366e-01
4.000002999999999884e+04 8.597256955920410393e-01
5.000002999999999884e+04 8.493321264738606935e-01
6.000002999999999884e+04 8.478028980998640884e-01
8.000002999999999884e+04 8.373056524817519275e-01
1.000000800000000017e+05 8.288560177372961135e-01
1.400000000000000000e+05 8.151448006212927977e-01
2.000000000000000000e+05 8.038699812536909128e-01
3.000000000000000000e+05 7.797651950195071402e-01
4.000002999999999884e+05 7.640063670298472553e-01
5.000002999999999884e+05 7.531203345369901214e-01
6.000003000000000466e+05 7.419491916693200517e-01
8.000003000000000466e+05 7.224839288070921128e-01
1.000000800000000047e+06 7.058956888179764855e-01
1.400000675000000047e+06 6.802875933347793946e-01
2.000001050000000047e+06 6.454263702326535901e-01
3.000001250000000000e+06 6.056664325087420808e-01
4.000001950000000186e+06 5.709088859065482024e-01
5.000003375000000000e+06 5.411796495510551308e-01
6.000004250000000000e+06 5.158825835676538185e-01
8.000005250000000000e+06 4.704981957224327327e-01
1.000000650000000000e+07 4.256062712518885460e-01
1.400001800000000000e+07 3.821398986554090937e-01
2.000000925000000000e+07 3.318567961884023032e-01
3.000002650000000000e+07 2.652705641070928766e-01
4.000003775000000000e+07 2.243183466339637167e-01
5.000005400000000000e+07 1.913492196555963976e-01
6.000007000000000000e+07 1.658966389222971127e-01
8.000010750000000000e+07 1.270179514478073923e-01
1.000001000000000000e+08 9.855875221648088824e-02
