0.000000000000000000e+00 1.000000000000000000e+00
2.083333333333333467e-04 9.975902483567720136e-01
4.166666666666666934e-04 9.953098467874211819e-01
6.250000000000001214e-04 9.931687917723051040e-01
8.333333333333333868e-04 9.910698157374802086e-01
1.041666666666666652e-03 9.891034562921774409e-01
1.250000000000000243e-03 9.872487184824535467e-01
1.666666666666666774e-03 9.835183828962579256e-01
2.083333333333333304e-03 9.804533780191390102e-01
2.916666666666666800e-03 9.744299227605197622e-01
4.166666666666666609e-03 9.665654836677775030e-01
6.250000000000000347e-03 9.560881957103963824e-01
8.333333333333333218e-03 9.472902596080052806e-01
1.041666666666666782e-02 9.400714216993013572e-01
1.250000000000000069e-02 9.338460338528142834e-01
1.666666666666666644e-02 9.224643866153017235e-01
2.083333333333333565e-02 9.147886154882243215e-01
2.916666666666666713e-02 9.000747946436402636e-01
4.166666666666667129e-02 8.867143176842886554e-01
6.250000000000001388e-02 8.696269810602094141e-01
8.333333333333334259e-02 8.544392808138376871e-01
1.041666666666666713e-01 8.508253227923427975e-01
1.250000000000000278e-01 8.411579144621128545e-01
1.666666666666666852e-01 8.310655045135835195e-01
2.083333333333333426e-01 8.192238620300804630e-01
2.916666666666666852e-01 8.068858046690663421e-01
4.166666666666666852e-01 7.957800287707603726e-01
6.250000000000000000e-01 7.844168920402827538e-01
8.333333333333333703e-01 7.663906887442828442e-01
1.041666666666666741e+00 7.620045360476244145e-01
1.250000000000000000e+00 7.589808048263333440e-01
1.666666666666666741e+00 7.508133042207872920e-01
2.083333333333333481e+00 7.488415237871720587e-01
2.916666666666666963e+00 7.363281668591343809e-01
4.166666666666666963e+00 7.310342052302416516e-01
6.250000000000000000e+00 7.160068877227612205e-01
8.333333333333333925e+00 7.082126955247575184e-01
1.041666666666666785e+01 7.035065785464753585e-01
1.250000000000000000e+01 6.963023610947562947e-01
1.666666666666666785e+01 6.799453623140037095e-01
2.083333333333333570e+01 6.771779660700694148e-01
2.916666666666666785e+01 6.522098581565056730e-01
4.166666666666667140e+01 6.267866055897578503e-01
6.250000000000000000e+01 5.715452459077463576e-01
8.333333333333334281e+01 5.411037894263492909e-01
1.041666666666666714e+02 5.086215860251785958e-01
1.250000000000000000e+02 4.816865614698842557e-01
1.666666666666666856e+02 4.511470542423254848e-01
2.083333333333333428e+02 4.197573792136412019e-01
2.916666666666666856e+02 3.699134173296282357e-01
4.166666666666666856e+02 3.182502683417469114e-01
6.250000000000000000e+02 2.310022598443944031e-01
8.333333333333333712e+02 1.690466234552441827e-01
1.041666666666666742e+03 1.256034868873087129e-01
1.250000000000000000e+03 9.207730675118161456e-02
1.666666666666666742e+03 5.769676954865127216e-02
2.083333333333333485e+03 3.171890990136727595e-02
2.916666666666666970e+03 1.427691362449614101e-02
4.166666666666666970e+03 7.180248351392517700e-03
6.250000000000000000e+03 -4.494015597854092263e-03
