1.000000000000000000e+00 1.000000000000000000e+00
1.000000000000000000e+00 9.999492929199886859e-01
9.999655272241424475e-01 9.996957575199317825e-01
9.998793452844982887e-01 9.990365654797840334e-01
9.998103997327829617e-01 9.976505719594733756e-01
9.996725086293526408e-01 9.959434335990908771e-01
9.994139628104202755e-01 9.938306385986171998e-01
9.985521434139795760e-01 9.894867320776435937e-01
9.973973054227488477e-01 9.844160240765073011e-01
9.950876294402877242e-01 9.740717797541886824e-01
9.904165683115787600e-01 9.591300935108399983e-01
9.826601937436122425e-01 9.362781027857183247e-01
9.752140741583642525e-01 9.155220047010662610e-01
9.678196637369026467e-01 8.994985674174751367e-01
9.613732546515256772e-01 8.846413929741451243e-01
9.519621868423929767e-01 8.634796382494024369e-01
9.414307538178871004e-01 8.453096012453298336e-01
9.257111680268078624e-01 8.142599659183710203e-01
9.104397283218778059e-01 7.874866276723705427e-01
8.864122035491099894e-01 7.482393477435741458e-01
8.705374902666714876e-01 7.226998817778501616e-01
8.600060572421655003e-01 7.045636494937852490e-01
8.470787662955543418e-01 6.873232422899212546e-01
8.317039082630515168e-01 6.632035745645155078e-01
8.171046876873453435e-01 6.474336726809810649e-01
8.006611736032559490e-01 6.220632303152949794e-01
7.850105333638920380e-01 5.996676033102754655e-01
7.646543592199618322e-01 5.747197199446839599e-01
7.565704932813474004e-01 5.646628157424301575e-01
7.471938982480722524e-01 5.594230841412556332e-01
7.432295290244449459e-01 5.520874598996116100e-01
7.343872620169628052e-01 5.407459763370696670e-01
7.219081171565008281e-01 5.307566815748309130e-01
7.127900679421577124e-01 5.195673192523229122e-01
6.968981182717902678e-01 5.052172156091067068e-01
6.900552722640508341e-01 4.976787630474172608e-01
6.758524886107074581e-01 4.844780198844585439e-01
6.746114686798329041e-01 4.801679180834925731e-01
6.564960249666483838e-01 4.657164002802536285e-01
6.485155773556070535e-01 4.561834692381170342e-01
6.347954125642704115e-01 4.402783484745523279e-01
6.087512304038312783e-01 4.199110046699874865e-01
5.922042979921688932e-01 4.038030555863773574e-01
5.617131277460952754e-01 3.766916701403009715e-01
5.301877742242929736e-01 3.514226419346375696e-01
5.109174925198779471e-01 3.352132786910046458e-01
5.005239505988026139e-01 3.280466780493983547e-01
4.605527669918809131e-01 2.910981190811173236e-01
4.314232713921837270e-01 2.682799330760031742e-01
3.867982630444820047e-01 2.358781089487410887e-01
3.386570315593020464e-01 2.018705606211191605e-01
2.792087295928195601e-01 1.600879266917546173e-01
2.386342724083893307e-01 1.341259017259358866e-01
2.017828750165831797e-01 1.121697360810149507e-01
1.816680103036562022e-01 9.763370647775705680e-02
1.465747244805891414e-01 7.701282727313539522e-02
1.240640018455568816e-01 6.293316138997979980e-02
8.766075053989989818e-02 4.295457186550210443e-02
5.989292958657913002e-02 2.836783518223284437e-02
3.369361993478051792e-02 1.645167137956213624e-02
2.123171146224736572e-02 9.149851857925614743e-03
1.514726652337571727e-02 6.969447417436932385e-03
1.130355201524999888e-02 4.248167456827025602e-03
5.822380653886869394e-03 1.763520536270153259e-03
4.271105740293531204e-03 2.557931456448200250e-03
