0.000000000000000000e+00 9.999999999999998890e-01
1.000000000000000000e+00 9.967413569173871890e-01
2.000000000000000000e+00 9.949300884997278605e-01
3.000000000000000000e+00 9.951967993278448832e-01
4.000000000000000000e+00 9.964847276226267425e-01
5.000000000000000000e+00 9.943806041842746524e-01
6.000000000000000000e+00 9.962591770685336190e-01
8.000000000000000000e+00 9.963953578372241049e-01
1.000000000000000000e+01 9.957734538966259707e-01
1.400000000000000000e+01 9.957338360535225030e-01
2.000000000000000000e+01 9.951402824572901373e-01
3.000000000000000000e+01 9.938663470162544256e-01
4.000000000000000000e+01 9.940123583532564089e-01
5.000000000000000000e+01 9.956139773719907549e-01
6.000000000000000000e+01 9.954859387020137396e-01
8.000000000000000000e+01 9.942788875736111587e-01
1.000000000000000000e+02 9.942485982642425002e-01
1.400000000000000000e+02 9.924104853907849133e-01
2.000000000000000000e+02 9.919834386401359394e-01
3.000000000000000000e+02 9.909153673702637555e-01
4.000000000000000000e+02 9.893446501427324291e-01
5.000000000000000000e+02 9.890609591336521067e-01
6.000000000000000000e+02 9.900293452016063478e-01
8.000000000000000000e+02 9.874031250783501523e-01
1.000000000000000000e+03 9.871005941384910498e-01
1.400000000000000000e+03 9.890884096171758122e-01
2.000000000000000000e+03 9.878681607021514433e-01
3.000000000000000000e+03 9.813806618196614373e-01
4.000000000000000000e+03 9.817043061874056731e-01
5.000000000000000000e+03 9.812323251784746958e-01
6.000000000000000000e+03 9.816893112945026534e-01
8.000000000000000000e+03 9.755852708001958584e-01
1.000000000000000000e+04 9.729568711380599533e-01
1.400000000000000000e+04 9.663001899975778297e-01
2.000000000000000000e+04 9.628485733237164279e-01
3.000000000000000000e+04 9.546571015968117191e-01
4.000000000000000000e+04 9.463895075304760152e-01
5.000000000000000000e+04 9.368912133024419608e-01
6.000000000000000000e+04 9.359316448970493862e-01
8.000000000000000000e+04 9.197722275668103187e-01
1.000000000000000000e+05 9.175018289509471181e-01
1.400000000000000000e+05 8.979372800534518584e-01
2.000000000000000000e+05 8.801795870712467718e-01
3.000000000000000000e+05 8.491530532355953120e-01
4.000000000000000000e+05 8.333946897718560454e-01
5.000000000000000000e+05 8.140830375388479201e-01
6.000000000000000000e+05 8.028236537753526969e-01
8.000000000000000000e+05 7.713066570703611680e-01
1.000000000000000000e+06 7.310163560535688498e-01
1.400000000000000000e+06 6.926191446510099325e-01
2.000000000000000000e+06 6.571236572119864006e-01
3.000000000000000000e+06 6.106366444125558290e-01
4.000000000000000000e+06 5.668310689512962020e-01
5.000000000000000000e+06 5.282091868317801975e-01
6.000000000000000000e+06 4.880110983226976784e-01
8.000000000000000000e+06 4.107048839645812133e-01
1.000000000000000000e+07 3.569232117869627352e-01
1.400000000000000000e+07 2.844825891927102446e-01
2.000000000000000000e+07 1.915753305216635893e-01
3.000000000000000000e+07 1.182224748442564227e-01
4.000000000000000000e+07 9.644840592011121039e-02
5.000000000000000000e+07 6.598510503762083923e-02
