0.000000000000000000e+00 1.000000000000000000e+00
6.756000000000000894e-02 9.997931633448541300e-01
1.362400000000000000e-01 9.995656430241940393e-01
2.043000000000000094e-01 9.994001737000770547e-01
2.732600000000000029e-01 9.991106023828733029e-01
3.407999999999999918e-01 9.989658167242710940e-01
4.077399999999999913e-01 9.987589800691253350e-01
5.419800000000000173e-01 9.985728270794940187e-01
6.781800000000000050e-01 9.982418884312608265e-01
9.469800000000000439e-01 9.973524908141341294e-01
1.344019999999999992e+00 9.958425832315699333e-01
2.011519999999999975e+00 9.937949003456265640e-01
2.694860000000000255e+00 9.917058501286541983e-01
3.375059999999999949e+00 9.903200445391775464e-01
4.049380000000000202e+00 9.890583409427883277e-01
5.391939999999999955e+00 9.864728827534661182e-01
6.729540000000000077e+00 9.837633225710563645e-01
9.429520000000000124e+00 9.775168555856538211e-01
1.347604000000000113e+01 9.646929829666156531e-01
2.020558000000000121e+01 9.349291882911380247e-01
2.694211999999999918e+01 9.133974924904626480e-01
3.365376000000000545e+01 9.016284868126677177e-01
4.036278000000000077e+01 8.871085536214341483e-01
5.377466000000000435e+01 8.680795813480225442e-01
6.721850000000000591e+01 8.506639349847479048e-01
9.406789999999999452e+01 8.333517069490461449e-01
1.344192999999999927e+02 8.115097561656521297e-01
2.015355000000000132e+02 7.912811312923949680e-01
2.688054000000000201e+02 7.749410355358785640e-01
3.361612199999999575e+02 7.699355884813504636e-01
4.035830000000000268e+02 7.657988553784349506e-01
5.382682600000000548e+02 7.551054003073982557e-01
6.728898799999999483e+02 7.492105556357435692e-01
9.423043399999999110e+02 7.401097428093292852e-01
1.346799399999999878e+03 7.302643180243902910e-01
2.021055600000000140e+03 7.162407928055064543e-01
2.694779399999999896e+03 7.098495401615020350e-01
3.369004600000000210e+03 7.056921233930718573e-01
4.043922000000000025e+03 7.027136755589725725e-01
5.393847600000000057e+03 6.939851687118206991e-01
6.741814199999999801e+03 6.881110077056804553e-01
9.438054599999999482e+03 6.789067765516935138e-01
1.348454399999999987e+04 6.628355684468665299e-01
2.022731399999999849e+04 6.529487763308983173e-01
2.696794800000000032e+04 6.408695156703847484e-01
3.369693200000000070e+04 6.361536399330610658e-01
4.043000000000000000e+04 6.227713083451291709e-01
5.390438799999999901e+04 6.128431488981318509e-01
6.737640600000000268e+04 5.996883376308603797e-01
9.431477199999999721e+04 5.831620888847126594e-01
1.347190000000000000e+05 5.580314352845004988e-01
2.020998200000000070e+05 5.279780692918188967e-01
2.694302000000000116e+05 5.055156085429872714e-01
3.367049799999999814e+05 4.911404610103557999e-01
4.039878200000000070e+05 4.720494377404003683e-01
5.385256800000000512e+05 4.478909164193735082e-01
6.732052199999999721e+05 4.214158245607138586e-01
9.427738000000000466e+05 3.844334306206486085e-01
1.346672199999999953e+06 3.425283242881139723e-01
2.020678600000000093e+06 2.891437835949884350e-01
2.695470600000000093e+06 2.513547266998547025e-01
3.370381799999999814e+06 2.211358913830565043e-01
4.045574399999999907e+06 1.939161875658720335e-01
5.397231599999999627e+06 1.590848948393229489e-01
6.750919799999999814e+06 1.316583543669927192e-01
9.457604599999999627e+06 9.099426796533267858e-02
1.350175800000000000e+07 6.425028845498352570e-02
2.023048400000000000e+07 3.760972727220725231e-02
2.696818400000000000e+07 2.220039646384676379e-02
3.369355000000000000e+07 1.289274698228673466e-02
4.043497800000000000e+07 1.018318679987703299e-02
