0.000000000000000000e+00 1.000000000000000000e+00
9.251492000000000049e-01 1.000000000000000000e+00
1.775449599999999961e+00 1.000000000000000000e+00
2.675647799999999688e+00 1.000000000000000000e+00
3.575847499999999179e+00 1.000000000000000000e+00
4.500996499999999401e+00 1.000000000000000000e+00
5.426146000000001024e+00 1.000000000000000000e+00
7.126746000000000691e+00 1.000000000000000000e+00
8.977045000000000385e+00 1.000000000000000000e+00
1.257784500000000172e+01 1.000000000000000000e+00
1.805390000000000228e+01 1.000000000000000000e+00
2.698104999999999976e+01 1.000000000000000000e+00
3.605787000000000830e+01 1.000000000000000000e+00
4.520956000000000330e+01 1.000000000000000000e+00
5.411176000000001096e+01 9.999432023574729156e-01
7.191615999999999076e+01 9.998864047149458312e-01
8.964570999999999401e+01 9.996592141448377156e-01
1.257286000000000001e+02 9.995456188597835467e-01
1.795659500000000151e+02 9.989776424345130357e-01
2.688624000000000365e+02 9.986936542218778357e-01
3.585825999999999567e+02 9.982960707241884668e-01
4.475546999999999684e+02 9.977848919414451512e-01
5.377742999999999256e+02 9.972737131587015025e-01
7.173901500000000624e+02 9.964217485207957914e-01
8.986027999999998883e+02 9.938090569645514627e-01
1.258134299999999939e+03 9.920483300462130671e-01
1.798004800000000159e+03 9.882428879969006319e-01
2.698554100000000290e+03 9.839262671648447700e-01
3.600197200000000066e+03 9.799504321879511926e-01
4.501345299999999952e+03 9.764857759938011528e-01
5.403241899999999987e+03 9.729643221571241396e-01
7.206735700000000179e+03 9.694428683204469044e-01
9.009605499999999665e+03 9.673981531894730868e-01
1.260674250000000029e+04 9.571177798920769142e-01
1.800607099999999991e+04 9.505860510014660925e-01
2.700786999999999898e+04 9.407032612017593998e-01
3.600494249999999738e+04 9.377497837903527866e-01
4.500816350000000239e+04 9.287757562710788894e-01
5.400477500000000146e+04 9.219600391678328677e-01
7.201129499999999825e+04 9.124748328658154328e-01
9.000706100000000151e+04 9.045799605545553623e-01
1.260169949999999953e+05 8.873134772263320258e-01
1.800245299999999988e+05 8.741932218025835200e-01
2.700507899999999790e+05 8.415913749920564957e-01
3.600742500000000000e+05 8.220529859627513369e-01
4.501033150000000023e+05 8.101822786745978000e-01
5.401274949999999953e+05 7.940517481969153746e-01
7.201942600000000093e+05 7.634378188748351945e-01
9.002237299999999814e+05 7.321991154849576411e-01
1.260256649999999907e+06 6.869881920334254266e-01
1.800419949999999953e+06 6.380854218176350567e-01
2.700632100000000093e+06 5.748696456850280745e-01
3.600841299999999814e+06 5.234109815555204603e-01
4.500998000000000000e+06 4.764393311856498503e-01
5.401269250000000000e+06 4.273093703997512538e-01
7.201695500000000000e+06 3.749987416323378175e-01
9.002125500000000000e+06 3.304125922486033096e-01
1.260309950000000000e+07 2.640161481344814876e-01
1.800441250000000000e+07 2.005731814317661676e-01
2.700663600000000000e+07 1.412196449909985663e-01
3.600883800000000000e+07 9.947337773361655811e-02
4.501099200000000000e+07 7.965100049167600504e-02
5.401312550000000000e+07 5.801109868886980547e-02
7.201699350000000000e+07 3.835911437451038075e-02
9.002097500000000000e+07 2.273976267957153810e-02
