0.000000000000000000e+00 1.000000000000000000e+00
6.756000000000000894e-02 9.991599893700072732e-01
1.362400000000000000e-01 9.983314395616401660e-01
2.043000000000000094e-01 9.975149386048262068e-01
2.732600000000000029e-01 9.967219971688887625e-01
3.407999999999999918e-01 9.959393325413126163e-01
4.077399999999999913e-01 9.951427035667712584e-01
5.419800000000000173e-01 9.936603972727608980e-01
6.781800000000000050e-01 9.921718403000774344e-01
9.469800000000000439e-01 9.892244628816075913e-01
1.344019999999999992e+00 9.850883974327814263e-01
2.011519999999999975e+00 9.787103275220877530e-01
2.694860000000000255e+00 9.731661261407891228e-01
3.375059999999999949e+00 9.680615965788499366e-01
4.049380000000000202e+00 9.634226819625487659e-01
5.391939999999999955e+00 9.555023959577649828e-01
6.729540000000000077e+00 9.485514375731922687e-01
9.429520000000000124e+00 9.375508032678461223e-01
1.347604000000000113e+01 9.247061463186556640e-01
2.020558000000000121e+01 9.100965720813073423e-01
2.694211999999999918e+01 9.003022453447406814e-01
3.365376000000000545e+01 8.931461382291565609e-01
4.036278000000000077e+01 8.866755458818836866e-01
5.377466000000000435e+01 8.786181791910034899e-01
6.721850000000000591e+01 8.709910135480374294e-01
9.406789999999999452e+01 8.614338867343803718e-01
1.344192999999999927e+02 8.510086336999169720e-01
2.015355000000000132e+02 8.412860596772759880e-01
2.688054000000000201e+02 8.329108796250602742e-01
3.361612199999999575e+02 8.287235025856816151e-01
4.035830000000000268e+02 8.258291671477288043e-01
5.382682600000000548e+02 8.203745387825375213e-01
6.728898799999999483e+02 8.163620589757517587e-01
9.423043399999999110e+02 8.111358945321214264e-01
1.346799399999999878e+03 8.020358747686054945e-01
2.021055600000000140e+03 7.928611548223508665e-01
2.694779399999999896e+03 7.868944831126467587e-01
3.369004600000000210e+03 7.804149245432981941e-01
4.043922000000000025e+03 7.762531692427458996e-01
5.393847600000000057e+03 7.694572441845383137e-01
6.741814199999999801e+03 7.613045525526460633e-01
9.438054599999999482e+03 7.534634775840849397e-01
1.348454399999999987e+04 7.362412139536436140e-01
2.022731399999999849e+04 7.213254878245407564e-01
2.696794800000000032e+04 7.063339873868356156e-01
3.369693200000000070e+04 6.981729122827569078e-01
4.043000000000000000e+04 6.841969795293751933e-01
5.390438799999999901e+04 6.674848333878165008e-01
6.737640600000000268e+04 6.531032173437550936e-01
9.431477199999999721e+04 6.296704641052638385e-01
1.347190000000000000e+05 5.982712436453174742e-01
2.020998200000000070e+05 5.619621610378290333e-01
2.694302000000000116e+05 5.329060462473380611e-01
3.367049799999999814e+05 5.147700555951738588e-01
4.039878200000000070e+05 4.922235816312271472e-01
5.385256800000000512e+05 4.673315913336660299e-01
6.732052199999999721e+05 4.393510801977457136e-01
9.427738000000000466e+05 3.973422037453106515e-01
1.346672199999999953e+06 3.562534299037961594e-01
2.020678600000000093e+06 3.028461565115344034e-01
2.695470600000000093e+06 2.679221692912023278e-01
3.370381799999999814e+06 2.382041241244211016e-01
4.045574399999999907e+06 2.151208333524982363e-01
5.397231599999999627e+06 1.780789437567544820e-01
6.750919799999999814e+06 1.508717924906023133e-01
9.457604599999999627e+06 1.145590285932940322e-01
1.350175800000000000e+07 8.238225493545592304e-02
2.023048400000000000e+07 5.416940507980705366e-02
2.696818400000000000e+07 2.843861414608207100e-02
3.369355000000000000e+07 1.294792873555184430e-02
4.043497800000000000e+07 6.950888019253481306e-03
