1.000000000000000000e+00 1.000000000000000000e+00
1.000000000000000000e+00 9.998309684848093459e-01
1.000000000000000000e+00 9.996619369696186919e-01
9.999310466434780942e-01 9.986139415754371473e-01
9.999310466434780942e-01 9.974307209691031240e-01
9.996897098956514238e-01 9.961460814536547970e-01
9.994483731478249755e-01 9.941853158774441868e-01
9.988277929391278231e-01 9.900947532098324233e-01
9.979658759826046666e-01 9.859703842391822626e-01
9.960007053217309059e-01 9.748819168426802184e-01
9.911394936869388772e-01 9.607846884757863526e-01
9.852784583825791032e-01 9.398585868951927491e-01
9.781073093043040068e-01 9.221778904062585269e-01
9.725220874260319670e-01 9.081482746454407895e-01
9.671437256173257557e-01 8.967893568246337876e-01
9.591106595825268366e-01 8.760322867592310603e-01
9.479746925042440431e-01 8.523340683295121956e-01
9.327015240346483438e-01 8.263708275962398098e-01
9.150149880867869401e-01 7.916855606791332045e-01
8.957770016171832106e-01 7.605161492779910493e-01
8.798142995823687862e-01 7.356347102419381612e-01
8.678853689040838537e-01 7.154861536312213666e-01
8.591282926258055896e-01 7.016593756886321254e-01
8.452341912866472295e-01 6.844519674422315791e-01
8.316159033735769368e-01 6.636272847707526124e-01
8.151015744865875989e-01 6.364808234311457591e-01
7.984838155648152913e-01 6.136953751834561821e-01
7.839346573386991590e-01 6.016603313018870081e-01
7.740743273560706239e-01 5.892872243899368589e-01
7.688338722604081132e-01 5.858727877830873787e-01
7.594217390951720770e-01 5.719107846283455476e-01
7.531125069734200261e-01 5.645410105660365607e-01
7.454586843994918111e-01 5.606532857166534045e-01
7.416317731125275925e-01 5.565965293520794832e-01
7.336676604342506902e-01 5.431754270459474565e-01
7.191185022081347800e-01 5.276921402544909601e-01
7.131885135472535442e-01 5.202547535861056227e-01
7.080514884863738923e-01 5.150147766151975670e-01
7.009837694428814325e-01 5.092000924926418648e-01
6.902270458254686769e-01 5.029121201275522646e-01
6.866759479645917486e-01 4.956775712773957010e-01
6.620595996862818078e-01 4.668407947858834173e-01
6.477173015297315040e-01 4.574426425412872477e-01
6.132061465905321862e-01 4.296200551409184998e-01
5.929338597731003135e-01 4.053809358625895531e-01
5.798671987122047122e-01 3.963884592544510421e-01
5.556645705730259843e-01 3.729944975520752548e-01
5.226014361207860226e-01 3.458818425155067433e-01
4.996054917207402024e-01 3.231978131769313589e-01
4.492005881032483661e-01 2.834754071071457493e-01
4.086215377901238344e-01 2.520017389786604611e-01
3.364273735117188635e-01 1.979792667237521842e-01
2.971239602942491453e-01 1.731316339907373880e-01
2.570965368332996381e-01 1.435173125293483509e-01
2.291014740854176446e-01 1.280340257378915492e-01
1.954177594244808358e-01 1.066008296117264414e-01
1.657333394418128436e-01 8.584375954632365857e-02
1.247750456678180103e-01 6.424153190496796617e-02
8.712651300687329625e-02 4.463387614286106614e-02
5.178791778941142093e-02 2.658131032050747855e-02
3.420481187633285514e-02 1.627038789388230919e-02
2.606831580675139648e-02 1.211221262019412243e-02
2.000042043282623111e-02 8.089262558658398897e-03
7.968059719758734810e-03 3.052123405979213257e-03
6.864806015408709237e-03 3.018317102941098749e-03
