1.000000000000000000e+00 1.000000000000000000e+00
1.000000000000000000e+00 9.998975614545225765e-01
1.000000000000000000e+00 9.995082949817080120e-01
1.000000000000000000e+00 9.987297620360787720e-01
1.000000000000000000e+00 9.975517187630873472e-01
1.000000000000000000e+00 9.959946528718290892e-01
1.000000000000000000e+00 9.941917344714250593e-01
9.999658920493369463e-01 9.894488298158164996e-01
9.999204147817859489e-01 9.847878759965904560e-01
9.998294602466841763e-01 9.751381650126097478e-01
9.996361818595925763e-01 9.587275100271135386e-01
9.989767614801042805e-01 9.368978559858570643e-01
9.982491251992887671e-01 9.167584379449796872e-01
9.973736877989329841e-01 9.005629039049869444e-01
9.962708640608229915e-01 8.875122332111521350e-01
9.946791596965398607e-01 8.635825889876070915e-01
9.928600689945017432e-01 8.449797491288926210e-01
9.889262853513449691e-01 8.162662248315479818e-01
9.844012972300260067e-01 7.825332118058055952e-01
9.768293321827927755e-01 7.467821594341567115e-01
9.722474974770340950e-01 7.206500864828453423e-01
9.685979467560704714e-01 7.022418798605376544e-01
9.629928735304165155e-01 6.867121963661479978e-01
9.563645617848658409e-01 6.629771853790101810e-01
9.521806531701781928e-01 6.461875077752472496e-01
9.453818016713111394e-01 6.234768822428842228e-01
9.349561380852559056e-01 5.988813874737355381e-01
9.278503150304202585e-01 5.824400009245959131e-01
9.230979405713471975e-01 5.684264079032737005e-01
9.168107083324275042e-01 5.603849820832894624e-01
9.107053851637125774e-01 5.454904175708604752e-01
9.063395674788221612e-01 5.381455738601229610e-01
9.012802214637793963e-01 5.330441342953435857e-01
8.962890913500622947e-01 5.250744154571935773e-01
8.902178761320108658e-01 5.184056661466082128e-01
8.814521328115657584e-01 5.066149895621475663e-01
8.738915370812202488e-01 4.984916129057810896e-01
8.689458842350543666e-01 4.876843463579044191e-01
8.676725207436278842e-01 4.913516462859992551e-01
8.591341637609372084e-01 4.784443895558337378e-01
8.547910847098214582e-01 4.685898014808975720e-01
8.423189440839737863e-01 4.595035024970428039e-01
8.324162690747546334e-01 4.505196420586658479e-01
8.159989754888625768e-01 4.331665524547765322e-01
8.036973746163310617e-01 4.209968532520491080e-01
7.877803309734989767e-01 4.034696181208479726e-01
7.814476214670299514e-01 3.941784420460381355e-01
7.622107372929782798e-01 3.771736434967727924e-01
7.489995910694281500e-01 3.664790593489212767e-01
7.260449402730873025e-01 3.417094190524606612e-01
6.953364153593092345e-01 3.142456450099417320e-01
6.518487782637141237e-01 2.816496998389996786e-01
6.184229866137673781e-01 2.548825079057276954e-01
5.884193593470291583e-01 2.331860239735922546e-01
5.613149078866640496e-01 2.168265882608348682e-01
5.230116792918776403e-01 1.908891485459306980e-01
4.923258930118752374e-01 1.713233863597273254e-01
4.427670406982293638e-01 1.445869259900986747e-01
3.796559626544006583e-01 1.126363436556649528e-01
3.034246929221233180e-01 7.924137782999851609e-02
2.546162155230679014e-01 6.147853404419924978e-02
2.156649358656807514e-01 5.044590269627199919e-02
1.826370703068044277e-01 3.894205403914825087e-02
1.404910126039630169e-01 2.830893301858329950e-02
1.090434820924821163e-01 2.078994378053445474e-02
