0.000000000000000000e+00 9.999999999999998890e-01
1.000000000000000000e+00 9.972274372870449932e-01
2.000000000000000000e+00 9.951136603339252318e-01
3.000000000000000000e+00 9.948399449738982714e-01
4.000000000000000000e+00 9.956015839706845449e-01
5.000000000000000000e+00 9.938754431308648440e-01
6.000000000000000000e+00 9.960741943754504168e-01
8.000000000000000000e+00 9.952528959855659885e-01
1.000000000000000000e+01 9.934722212125723928e-01
1.400000000000000000e+01 9.942739699872241710e-01
2.000000000000000000e+01 9.966519849602459846e-01
3.000000000000000000e+01 9.951604088898333700e-01
4.000000000000000000e+01 9.957919143831899245e-01
5.000000000000000000e+01 9.933541703387265276e-01
6.000000000000000000e+01 9.926985397901315622e-01
8.000000000000000000e+01 9.942809254165637656e-01
1.000000000000000000e+02 9.924575290124577620e-01
1.400000000000000000e+02 9.927545142490955543e-01
2.000000000000000000e+02 9.932087089809803482e-01
3.000000000000000000e+02 9.922137305436351529e-01
4.000000000000000000e+02 9.935475023463591349e-01
5.000000000000000000e+02 9.918417049994001644e-01
6.000000000000000000e+02 9.916298448533990006e-01
8.000000000000000000e+02 9.874752560132374901e-01
1.000000000000000000e+03 9.861439255489348188e-01
1.400000000000000000e+03 9.855148806015712193e-01
2.000000000000000000e+03 9.842670759209216635e-01
3.000000000000000000e+03 9.819820450676832735e-01
4.000000000000000000e+03 9.830941471206061655e-01
5.000000000000000000e+03 9.739423104563444955e-01
6.000000000000000000e+03 9.719471967282400371e-01
8.000000000000000000e+03 9.700958223137946534e-01
1.000000000000000000e+04 9.690015179011260971e-01
1.400000000000000000e+04 9.645860300990962699e-01
2.000000000000000000e+04 9.638794113230406690e-01
3.000000000000000000e+04 9.522475955046942886e-01
4.000000000000000000e+04 9.524391946995717229e-01
5.000000000000000000e+04 9.424930435014929886e-01
6.000000000000000000e+04 9.332506191293264974e-01
8.000000000000000000e+04 9.165047664552807838e-01
1.000000000000000000e+05 9.097293416235909813e-01
1.400000000000000000e+05 8.964948483753737429e-01
2.000000000000000000e+05 8.659872756294233476e-01
3.000000000000000000e+05 8.267726059986040266e-01
4.000000000000000000e+05 7.942222037410353597e-01
5.000000000000000000e+05 7.780629375738425946e-01
6.000000000000000000e+05 7.517411487034361128e-01
8.000000000000000000e+05 7.093172500087411292e-01
1.000000000000000000e+06 6.742897281433698486e-01
1.400000000000000000e+06 6.350368689993781679e-01
2.000000000000000000e+06 5.594653139643226414e-01
3.000000000000000000e+06 4.430408708810130713e-01
4.000000000000000000e+06 3.780199150624079518e-01
5.000000000000000000e+06 3.149874853821554299e-01
6.000000000000000000e+06 2.710788813317994150e-01
8.000000000000000000e+06 1.712932043742744770e-01
1.000000000000000000e+07 1.098263067186401876e-01
1.400000000000000000e+07 1.920112132769167049e-02
2.000000000000000000e+07 4.730009514531054345e-03
3.000000000000000000e+07 -1.612561917887926632e-02
4.000000000000000000e+07 -3.144404042750959666e-02
5.000000000000000000e+07 2.024432702289459193e-02
