0.000000000000000000e+00 1.000000000000000000e+00
2.083333333333333467e-04 9.966228353460397926e-01
4.166666666666666934e-04 9.917107684091300834e-01
6.250000000000001214e-04 9.857341271788498949e-01
8.333333333333333868e-04 9.791618801460574284e-01
1.041666666666666652e-03 9.721875750100232860e-01
1.250000000000000243e-03 9.651784080911227637e-01
1.666666666666666774e-03 9.519417014637079344e-01
2.083333333333333304e-03 9.406928848837073920e-01
2.916666666666666800e-03 9.223915581065303959e-01
4.166666666666666609e-03 9.060499054233936977e-01
6.250000000000000347e-03 8.906301633660824724e-01
8.333333333333333218e-03 8.793768381594032624e-01
1.041666666666666782e-02 8.724336440904514323e-01
1.250000000000000069e-02 8.652172189231969179e-01
1.666666666666666644e-02 8.566449912089995067e-01
2.083333333333333565e-02 8.483997351460235148e-01
2.916666666666666713e-02 8.335561377059657051e-01
4.166666666666667129e-02 8.222105584494631136e-01
6.250000000000001388e-02 8.106237279090933168e-01
8.333333333333334259e-02 8.016491646750993905e-01
1.041666666666666713e-01 7.959793972252857674e-01
1.250000000000000278e-01 7.879676181057112538e-01
1.666666666666666852e-01 7.788480762889899989e-01
2.083333333333333426e-01 7.779559457572570169e-01
2.916666666666666852e-01 7.763892313121824040e-01
4.166666666666666852e-01 7.670112274604552471e-01
6.250000000000000000e-01 7.490877830157586237e-01
8.333333333333333703e-01 7.308635652506112468e-01
1.041666666666666741e+00 7.359891712218973314e-01
1.250000000000000000e+00 7.263919648644363569e-01
1.666666666666666741e+00 7.176328327645882244e-01
2.083333333333333481e+00 7.094848127605331012e-01
2.916666666666666963e+00 7.001995118630083281e-01
4.166666666666666963e+00 6.878284260087907942e-01
6.250000000000000000e+00 6.689058188202552380e-01
8.333333333333333925e+00 6.536040713833342064e-01
1.041666666666666785e+01 6.407933000348781105e-01
1.250000000000000000e+01 6.278901260282172547e-01
1.666666666666666785e+01 5.867084933411665926e-01
2.083333333333333570e+01 5.879460633628195154e-01
2.916666666666666785e+01 5.523477070743010309e-01
4.166666666666667140e+01 5.190424718670895166e-01
6.250000000000000000e+01 4.652475597083520209e-01
8.333333333333334281e+01 3.929760919906925554e-01
1.041666666666666714e+02 3.393715371024760286e-01
1.250000000000000000e+02 2.987393511154314285e-01
1.666666666666666856e+02 2.475187462233545688e-01
2.083333333333333428e+02 2.061479669356435507e-01
2.916666666666666856e+02 1.429523273126317162e-01
4.166666666666666856e+02 7.689521595376463958e-02
6.250000000000000000e+02 2.780305400533884114e-02
8.333333333333333712e+02 1.471608304645283249e-02
1.041666666666666742e+03 1.159760885828289498e-02
1.250000000000000000e+03 1.221419916056813541e-02
1.666666666666666742e+03 -2.742863701711002571e-03
2.083333333333333485e+03 -8.995599598208961489e-03
2.916666666666666970e+03 7.085574948564867144e-03
4.166666666666666970e+03 -8.619376945318522887e-04
6.250000000000000000e+03 -1.253155972711476624e-03
