0.000000000000000000e+00 1.000000000000000000e+00
9.999996799999999464e-01 9.762841194582450033e-01
1.999999920000000042e+00 9.515568446842695982e-01
3.000003759999999353e+00 9.324491903537388549e-01
4.000004400000000793e+00 9.157886052064287963e-01
5.000004000000000559e+00 9.000499285426684093e-01
6.000004000000001447e+00 8.871051961531539742e-01
8.000006400000001960e+00 8.623586640484519616e-01
1.000000379999999822e+01 8.398172131591843392e-01
1.400000000000000000e+01 8.056484312406496651e-01
2.000000000000000000e+01 7.638731749054130660e-01
3.000005800000000278e+01 7.141099313057801545e-01
4.000004000000001270e+01 6.747239792278123538e-01
5.000004000000001270e+01 6.458568986473933737e-01
6.000004000000001270e+01 6.223130719045427695e-01
8.000005200000003924e+01 5.873897239822106764e-01
1.000000880000000478e+02 5.542729178539701484e-01
1.400000000000000000e+02 5.145740791212215504e-01
2.000000000000000000e+02 4.652242432739891465e-01
3.000005999999999631e+02 4.143038537258648124e-01
4.000004000000000133e+02 3.828558352656023511e-01
5.000004000000000133e+02 3.555399885076981903e-01
6.000004000000000133e+02 3.367998995185329525e-01
8.000004000000000133e+02 3.053682325948830489e-01
1.000000800000000027e+03 2.825496668355743646e-01
1.400000000000000000e+03 2.504183504382170300e-01
2.000000000000000000e+03 2.151377187687444903e-01
3.000005999999999858e+03 1.802977790880818665e-01
4.000003999999999905e+03 1.619697267809466212e-01
5.000003999999999905e+03 1.362973304095783100e-01
6.000003999999999905e+03 1.261121657952837261e-01
8.000003999999999905e+03 1.060756758350768214e-01
1.000000799999999981e+04 9.036888646024550387e-02
1.400000000000000000e+04 7.056206526480404695e-02
2.000000000000000000e+04 5.555235224771517405e-02
3.000006000000000131e+04 3.648951501806475123e-02
4.000004000000000087e+04 2.434281556255554063e-02
5.000004000000000087e+04 1.881175639965627575e-02
6.000004000000000087e+04 1.388761627153368983e-02
8.000003999999999360e+04 6.479282724561749411e-03
1.000000800000000017e+05 2.650025408980235392e-03
1.400000000000000000e+05 3.437469753560304288e-03
2.000000000000000000e+05 1.801899141738164792e-05
3.000005999999999767e+05 7.389554283421205776e-04
4.000004000000000233e+05 -1.678417615362469124e-04
5.000004000000000233e+05 1.326656762288355978e-03
6.000004000000000233e+05 4.032176848839247318e-04
8.000004000000000233e+05 -4.888548802844157196e-04
1.000000800000000047e+06 -4.690068821556286173e-05
1.400001879999999888e+06 -5.915451788613961415e-04
2.000002360000000102e+06 1.891389254354656634e-04
3.000002160000000149e+06 2.799160338831294917e-04
4.000003120000000112e+06 -2.746825728596246832e-05
5.000004759999999776e+06 -2.782191107131368061e-04
6.000004120000000112e+06 4.430070194269748220e-04
8.000007160000000149e+06 -1.605806677925852377e-04
1.000000809999999963e+07 -5.029515106174373838e-06
1.400000719999999925e+07 -6.083439068591975580e-04
2.000002860000000149e+07 -1.950345791997444708e-04
3.000002900000000000e+07 -4.132101238969162820e-04
4.000004420000000298e+07 5.748788895264921045e-05
5.000006520000000298e+07 -2.928746818281455807e-04
6.000008539999999851e+07 -2.103114356341993405e-04
8.000008120000000298e+07 1.741328032180545062e-04
1.000000210000000000e+08 3.563939585929074049e-04
