0.000000000000000000e+00 1.000000000000000000e+00
1.000000000000000000e+00 9.940378352693788333e-01
2.000000000000000000e+00 9.931400010192892314e-01
3.000000000000000000e+00 9.945629583387477490e-01
4.000000000000000000e+00 9.933706486082989340e-01
5.000000000000000000e+00 9.941706842915229991e-01
6.000000000000000000e+00 9.934957109404346509e-01
8.000000000000000000e+00 9.950620797243874271e-01
1.000000000000000000e+01 9.952705462884205989e-01
1.400000000000000000e+01 9.946693779883782893e-01
2.000000000000000000e+01 9.937311507568264979e-01
3.000000000000000000e+01 9.952831912524527924e-01
4.000000000000000000e+01 9.956361857771196533e-01
5.000000000000000000e+01 9.930473799038648242e-01
6.000000000000000000e+01 9.927532754922200331e-01
8.000000000000000000e+01 9.945431819224725967e-01
1.000000000000000000e+02 9.928282118947550083e-01
1.400000000000000000e+02 9.941802394053246283e-01
2.000000000000000000e+02 9.921789182035549715e-01
3.000000000000000000e+02 9.939511054169084536e-01
4.000000000000000000e+02 9.905861928787083048e-01
5.000000000000000000e+02 9.876901247042298992e-01
6.000000000000000000e+02 9.892816347041609726e-01
8.000000000000000000e+02 9.861962466253237913e-01
1.000000000000000000e+03 9.872512977525924605e-01
1.400000000000000000e+03 9.876679341369255516e-01
2.000000000000000000e+03 9.847045189660370568e-01
3.000000000000000000e+03 9.814355360706022990e-01
4.000000000000000000e+03 9.752767254111649464e-01
5.000000000000000000e+03 9.763182741619184091e-01
6.000000000000000000e+03 9.681414038488378448e-01
8.000000000000000000e+03 9.659107562001085778e-01
1.000000000000000000e+04 9.632911628961842165e-01
1.400000000000000000e+04 9.655266466576949425e-01
2.000000000000000000e+04 9.545492479683109766e-01
3.000000000000000000e+04 9.442145896361705537e-01
4.000000000000000000e+04 9.327261255827612452e-01
5.000000000000000000e+04 9.225244935279272029e-01
6.000000000000000000e+04 9.108983045456532368e-01
8.000000000000000000e+04 9.063654302290676812e-01
1.000000000000000000e+05 8.888252300945671536e-01
1.400000000000000000e+05 8.673299512954566470e-01
2.000000000000000000e+05 8.342074457527075548e-01
3.000000000000000000e+05 7.876672392919915611e-01
4.000000000000000000e+05 7.267515891024507457e-01
5.000000000000000000e+05 6.793823060267802916e-01
6.000000000000000000e+05 6.580667447656914915e-01
8.000000000000000000e+05 5.963795801215012737e-01
1.000000000000000000e+06 5.431281973521889794e-01
1.400000000000000000e+06 4.442672617449476280e-01
2.000000000000000000e+06 3.470242908406878102e-01
3.000000000000000000e+06 2.431234555564361077e-01
4.000000000000000000e+06 1.648125718191580658e-01
5.000000000000000000e+06 1.042569475007619068e-01
6.000000000000000000e+06 5.104268292110549637e-02
8.000000000000000000e+06 2.363363136372658921e-02
1.000000000000000000e+07 -3.613761561687534648e-03
1.400000000000000000e+07 -1.045768403259835465e-02
2.000000000000000000e+07 -1.141678900897566060e-02
3.000000000000000000e+07 7.780819796126907904e-03
4.000000000000000000e+07 -3.390900479012448621e-02
5.000000000000000000e+07 -2.027487416612441806e-02
