0.000000000000000000e+00 1.000000000000000000e+00
1.000000000000000000e+00 9.955838638125873441e-01
2.000000000000000000e+00 9.954935107636581071e-01
3.000000000000000000e+00 9.958607973670738911e-01
4.000000000000000000e+00 9.970451183529387418e-01
5.000000000000000000e+00 9.961137760391379770e-01
6.000000000000000000e+00 9.961629719254383453e-01
8.000000000000000000e+00 9.962154949664381309e-01
1.000000000000000000e+01 9.960671149775884858e-01
1.400000000000000000e+01 9.958231827864461039e-01
2.000000000000000000e+01 9.965945809403526923e-01
3.000000000000000000e+01 9.944210414890033434e-01
4.000000000000000000e+01 9.953365372491531637e-01
5.000000000000000000e+01 9.947883592658600671e-01
6.000000000000000000e+01 9.962073749209895412e-01
8.000000000000000000e+01 9.945497696535204879e-01
1.000000000000000000e+02 9.965634130207193797e-01
1.400000000000000000e+02 9.961814269143262068e-01
2.000000000000000000e+02 9.935739429213318319e-01
3.000000000000000000e+02 9.930255614833322086e-01
4.000000000000000000e+02 9.923906781118403408e-01
5.000000000000000000e+02 9.907088919405072636e-01
6.000000000000000000e+02 9.921128378082592070e-01
8.000000000000000000e+02 9.912331461044495695e-01
1.000000000000000000e+03 9.917508171842562836e-01
1.400000000000000000e+03 9.887767797619280152e-01
2.000000000000000000e+03 9.852832144736757281e-01
3.000000000000000000e+03 9.836853552614353013e-01
4.000000000000000000e+03 9.847471689507142356e-01
5.000000000000000000e+03 9.834196785107401917e-01
6.000000000000000000e+03 9.805626202361127364e-01
8.000000000000000000e+03 9.756399673099163117e-01
1.000000000000000000e+04 9.731107679568191671e-01
1.400000000000000000e+04 9.657918416360673497e-01
2.000000000000000000e+04 9.521242176020836556e-01
3.000000000000000000e+04 9.417482691377201398e-01
4.000000000000000000e+04 9.331260907708726071e-01
5.000000000000000000e+04 9.279811735319584143e-01
6.000000000000000000e+04 9.255650807626082388e-01
8.000000000000000000e+04 9.050948966300317311e-01
1.000000000000000000e+05 9.019643325340603868e-01
1.400000000000000000e+05 8.737722975909416601e-01
2.000000000000000000e+05 8.469702410522839120e-01
3.000000000000000000e+05 7.959207369653984454e-01
4.000000000000000000e+05 7.542872264140320082e-01
5.000000000000000000e+05 7.226727495213456365e-01
6.000000000000000000e+05 6.932374653092480132e-01
8.000000000000000000e+05 6.383043725268763291e-01
1.000000000000000000e+06 5.929566075473094999e-01
1.400000000000000000e+06 5.097879256356129263e-01
2.000000000000000000e+06 4.057784153161850260e-01
3.000000000000000000e+06 2.988946501683863444e-01
4.000000000000000000e+06 2.443323512747450910e-01
5.000000000000000000e+06 1.685506217171582888e-01
6.000000000000000000e+06 1.418420970470140874e-01
8.000000000000000000e+06 7.735819285715045401e-02
1.000000000000000000e+07 4.827841219932755418e-02
1.400000000000000000e+07 5.330613735398758921e-03
2.000000000000000000e+07 -3.519082306541119511e-03
3.000000000000000000e+07 2.815207278040995909e-02
4.000000000000000000e+07 1.415395046094354049e-02
5.000000000000000000e+07 3.830812432619860788e-03
