0.000000000000000000e+00 1.000000000000000000e+00
6.756000000000000894e-02 9.999774887525623157e-01
1.362400000000000000e-01 1.000000000000000000e+00
2.043000000000000094e-01 1.000000000000000000e+00
2.732600000000000029e-01 9.999324662576869471e-01
3.407999999999999918e-01 9.999099550102490408e-01
4.077399999999999913e-01 9.998874437628113565e-01
5.419800000000000173e-01 9.998649325153736722e-01
6.781800000000000050e-01 9.998424212679359879e-01
9.469800000000000439e-01 9.996848425358718648e-01
1.344019999999999992e+00 9.996623312884341805e-01
2.011519999999999975e+00 9.993696850717437297e-01
2.694860000000000255e+00 9.990995501024911851e-01
3.375059999999999949e+00 9.990545276076158165e-01
4.049380000000000202e+00 9.988744376281140092e-01
5.391939999999999955e+00 9.985367689165481897e-01
6.729540000000000077e+00 9.982441226998577388e-01
9.429520000000000124e+00 9.977038527613524277e-01
1.347604000000000113e+01 9.966908466266553024e-01
2.020558000000000121e+01 9.942596319033814023e-01
2.694211999999999918e+01 9.909955010249122953e-01
3.365376000000000545e+01 9.866058077745568644e-01
4.036278000000000077e+01 9.832066094114612076e-01
5.377466000000000435e+01 9.785242699444154368e-01
6.721850000000000591e+01 9.725587893734198852e-01
9.406789999999999452e+01 9.646798527702180603e-01
1.344192999999999927e+02 9.548649488873722779e-01
2.015355000000000132e+02 9.454552474584057009e-01
2.688054000000000201e+02 9.356178323281222342e-01
3.361612199999999575e+02 9.321736114701513198e-01
4.035830000000000268e+02 9.289545030865573594e-01
5.382682600000000548e+02 9.225162863193696605e-01
6.728898799999999483e+02 9.184417505331424758e-01
9.423043399999999110e+02 9.099550102491222869e-01
1.346799399999999878e+03 9.030890797806178094e-01
2.021055600000000140e+03 8.949174969607256447e-01
2.694779399999999896e+03 8.884342576986623552e-01
3.369004600000000210e+03 8.864082454292676605e-01
4.043922000000000025e+03 8.828964908289833602e-01
5.393847600000000057e+03 8.796098487030763469e-01
6.741814199999999801e+03 8.701551247792341792e-01
9.438054599999999482e+03 8.642571779505516805e-01
1.348454399999999987e+04 8.546898977895208693e-01
2.022731399999999849e+04 8.419935542346470569e-01
2.696794800000000032e+04 8.346548875699504322e-01
3.369693200000000070e+04 8.292746994323355603e-01
4.043000000000000000e+04 8.208104703957530557e-01
5.390438799999999901e+04 8.112882127295977241e-01
6.737640600000000268e+04 7.963857669258274097e-01
9.431477199999999721e+04 7.812807198951177146e-01
1.347190000000000000e+05 7.594448098805297587e-01
2.020998200000000070e+05 7.332867403578999799e-01
2.694302000000000116e+05 7.135443763550199936e-01
3.367049799999999814e+05 6.988445317781890598e-01
4.039878200000000070e+05 6.788770553009320086e-01
5.385256800000000512e+05 6.535744131809352320e-01
6.732052199999999721e+05 6.282267485660630868e-01
9.427738000000000466e+05 5.918935952015840218e-01
1.346672199999999953e+06 5.459256279337607598e-01
2.020678600000000093e+06 4.861582659866156009e-01
2.695470600000000093e+06 4.424864459574399111e-01
3.370381799999999814e+06 4.014034193836019115e-01
4.045574399999999907e+06 3.729492026223245604e-01
5.397231599999999627e+06 3.184494725756056299e-01
6.750919799999999814e+06 2.762408836298816950e-01
9.457604599999999627e+06 2.083469613577197954e-01
1.350175800000000000e+07 1.544325237443817112e-01
2.023048400000000000e+07 1.002929736566664093e-01
2.696818400000000000e+07 5.412240516190379436e-02
3.369355000000000000e+07 3.512291232446858313e-02
4.043497800000000000e+07 2.427249105948779684e-02
