0.000000000000000000e+00 1.000000000000000000e+00
9.999996500000000177e-01 1.000000000000000000e+00
1.999999949999999860e+00 1.000000000000000000e+00
3.000000250000000257e+00 1.000000000000000000e+00
4.000001749999999134e+00 1.000000000000000000e+00
5.000002750000000162e+00 1.000000000000000000e+00
6.000003000000000419e+00 1.000000000000000000e+00
8.000003750000001190e+00 1.000000000000000000e+00
1.000000400000000056e+01 1.000000000000000000e+00
1.400000149999999977e+01 1.000000000000000000e+00
2.000000000000000000e+01 1.000000000000000000e+00
3.000001499999999766e+01 9.999716011787365133e-01
4.000003500000000400e+01 9.999432023574729156e-01
5.000003000000001663e+01 9.998864047149458312e-01
6.000003000000000952e+01 9.998580058936823445e-01
8.000003000000000952e+01 9.997444106086281757e-01
1.000000775000000175e+02 9.997444106086281757e-01
1.400000000000000000e+02 9.994604223959930867e-01
2.000000000000000000e+02 9.992048330046212623e-01
3.000000750000000380e+02 9.989208447919859513e-01
4.000002999999999815e+02 9.984664636517694980e-01
5.000002999999999815e+02 9.977848919414449291e-01
6.000003000000000384e+02 9.973873084437556713e-01
8.000003000000000384e+02 9.973873084437556713e-01
1.000000800000000027e+03 9.970181237673297892e-01
1.400000000000000000e+03 9.949166109938289981e-01
2.000000000000000000e+03 9.945474263174031160e-01
3.000000000000000000e+03 9.920483300462130671e-01
4.000003000000000156e+03 9.898900196301850807e-01
5.000002999999999702e+03 9.888960608859616030e-01
6.000002999999999702e+03 9.872205304314136676e-01
8.000002999999999702e+03 9.851474164791762522e-01
1.000000799999999981e+04 9.825915225654591190e-01
1.400000000000000000e+04 9.786440864098291392e-01
2.000000000000000000e+04 9.739014832588204218e-01
3.000000000000000000e+04 9.661202062326144091e-01
4.000002999999999884e+04 9.632803241062619648e-01
5.000002999999999884e+04 9.567201963943876564e-01
6.000002999999999884e+04 9.580833398150367941e-01
8.000002999999999884e+04 9.504440568951484369e-01
1.000000800000000017e+05 9.481721511940665037e-01
1.400000000000000000e+05 9.377497837903528977e-01
2.000000000000000000e+05 9.308772690445796805e-01
3.000000000000000000e+05 9.136107857163564550e-01
4.000002999999999884e+05 9.022512572109464557e-01
5.000002999999999884e+05 8.945551766485311251e-01
6.000003000000000466e+05 8.850699703465136903e-01
8.000003000000000466e+05 8.733412571646776978e-01
1.000000800000000047e+06 8.612717581276794210e-01
1.400000675000000047e+06 8.385243022955957137e-01
2.000001050000000047e+06 8.143285065790722976e-01
3.000001250000000000e+06 7.750245379503535315e-01
4.000001950000000186e+06 7.437290369179487826e-01
5.000003375000000000e+06 7.199592235203781110e-01
6.000004250000000000e+06 6.939743020642525906e-01
8.000005250000000000e+06 6.534207852999387445e-01
1.000000650000000000e+07 6.084086535972512699e-01
1.400001800000000000e+07 5.634817183583544775e-01
2.000000925000000000e+07 5.044121701302219929e-01
3.000002650000000000e+07 4.275933586123865093e-01
4.000003775000000000e+07 3.788609813241772262e-01
5.000005400000000000e+07 3.318325333117795872e-01
6.000007000000000000e+07 3.012754016322264916e-01
8.000010750000000000e+07 2.433986038971621690e-01
1.000001000000000000e+08 1.990964427260628888e-01
