1.000000000000000000e+00 1.000000000000000000e+00
1.000000000000000000e+00 9.999323873939237606e-01
9.999655233217390471e-01 9.996281306665806277e-01
9.999310466434780942e-01 9.989181983027801692e-01
9.998620932869560773e-01 9.980730407268272319e-01
9.997241865739123767e-01 9.960446625445407154e-01
9.994483731478248645e-01 9.942867347865587124e-01
9.989312229739106819e-01 9.901961721189463939e-01
9.982416894086919568e-01 9.849900014510768465e-01
9.960351819999923029e-01 9.763355878733191995e-01
9.922427473912887042e-01 9.608523010818624810e-01
9.838304378956196361e-01 9.380330465311346178e-01
9.770040555999538467e-01 9.217384084667632482e-01
9.705913934434192702e-01 9.055113830084676740e-01
9.647648348173208932e-01 8.915493798537262871e-01
9.557319451129550059e-01 8.714008232430091594e-01
9.454923716694565439e-01 8.523340683295120845e-01
9.315637936520373419e-01 8.239367737774954126e-01
9.126705739650432525e-01 7.941534208009158879e-01
8.938463076345705138e-01 7.582511269744373061e-01
8.800211596519341706e-01 7.342486518173755305e-01
8.670234519475602530e-01 7.174807255104701520e-01
8.550255679127539699e-01 7.026397584767375415e-01
8.436137874083834420e-01 6.803952110776577689e-01
8.349946178431489896e-01 6.677854600444407263e-01
8.141362274952811395e-01 6.390839087650808104e-01
7.983459088517714797e-01 6.198819286394313677e-01
7.817281499299990610e-01 6.009842052411248359e-01
7.728676436169377162e-01 5.851628554192866982e-01
7.666963182082298101e-01 5.740405817197469229e-01
7.635589404864846497e-01 5.737363249924040121e-01
7.571807550082109151e-01 5.688344110518772645e-01
7.521471599821138998e-01 5.640339160204648206e-01
7.445967674429685434e-01 5.547709889880212408e-01
7.465964147821024799e-01 5.570698175946129371e-01
7.292891222951117802e-01 5.431754270459475675e-01
7.283927286603273377e-01 5.380706752871923237e-01
7.159811244863896196e-01 5.296867121337397455e-01
7.156708343820409324e-01 5.270836267998046942e-01
7.098097990776816024e-01 5.229930641321928197e-01
7.009148160863596377e-01 5.084563538258032311e-01
6.925025065906903476e-01 5.085577727349176458e-01
6.734024268341303188e-01 4.867189009722953097e-01
6.576810615471425647e-01 4.740077310299637969e-01
6.480620683123407000e-01 4.609584980572513091e-01
6.435111467818970254e-01 4.579497370868589323e-01
6.277897814949091604e-01 4.402014279918483597e-01
6.132750999470542030e-01 4.276592895647076675e-01
5.942439735470160800e-01 4.212698982905039302e-01
5.713514591817531185e-01 3.947995630116596377e-01
5.635942065730418227e-01 3.865508250703594828e-01
5.323583360686315880e-01 3.564632153664368253e-01
4.986056680511729566e-01 3.313451322091170992e-01
4.721965325032941863e-01 3.095400667495327718e-01
4.624741092337094628e-01 3.009870720808894839e-01
4.138619928857865116e-01 2.626845307387048467e-01
3.916590120857421642e-01 2.476407258867435457e-01
3.440811960856471896e-01 2.077154819987294121e-01
2.955380330942458666e-01 1.767827147188538450e-01
2.451331294767539748e-01 1.414213217409852064e-01
2.093463374418998713e-01 1.180949726446856446e-01
1.759039595287896496e-01 9.713506476105412957e-02
1.468745964330795128e-01 7.607373796830829704e-02
1.097432139460488565e-01 5.443770402391449187e-02
8.409256531991071704e-02 3.929248026283883172e-02
