1.000000000000000000e+00 1.000000000000000000e+00
1.000000000000000000e+00 1.000000000000000000e+00
1.000000000000000000e+00 9.999655233217390471e-01
1.000000000000000000e+00 9.999310466434780942e-01
1.000000000000000000e+00 9.998620932869560773e-01
1.000000000000000000e+00 9.997241865739123767e-01
1.000000000000000000e+00 9.994483731478248645e-01
1.000000000000000000e+00 9.989312229739106819e-01
1.000000000000000000e+00 9.982416894086919568e-01
9.999624656486341134e-01 9.960351819999923029e-01
9.998873969459023403e-01 9.922427473912887042e-01
9.992868473240478222e-01 9.838304378956196361e-01
9.984235572426319871e-01 9.770040555999538467e-01
9.975978015125821496e-01 9.705913934434192702e-01
9.960964274579461319e-01 9.647648348173208932e-01
9.941821755382850290e-01 9.557319451129550059e-01
9.930561449973078769e-01 9.454923716694565439e-01
9.893777785634492172e-01 9.315637936520373419e-01
9.854366716700290185e-01 9.126705739650432525e-01
9.794311754514837265e-01 8.938463076345705138e-01
9.748519845848429011e-01 8.800211596519341706e-01
9.704979998263980612e-01 8.670234519475602530e-01
9.658812746083919043e-01 8.550255679127539699e-01
9.626908547422898810e-01 8.436137874083834420e-01
9.590875570111628834e-01 8.349946178431489896e-01
9.509801371161274997e-01 8.141362274952811395e-01
9.440738164648003750e-01 7.983459088517714797e-01
9.338644728932744554e-01 7.817281499299990610e-01
9.307866560812702028e-01 7.728676436169377162e-01
9.285721293506815632e-01 7.666963182082298101e-01
9.250814346736524474e-01 7.635589404864846497e-01
9.172367552381780476e-01 7.571807550082109151e-01
9.177622361573003484e-01 7.521471599821138998e-01
9.126200300201716686e-01 7.445967674429685434e-01
9.092044040458743259e-01 7.465964147821024799e-01
8.970057398519550862e-01 7.292891222951117802e-01
8.970808085546867483e-01 7.283927286603273377e-01
8.915632589038988698e-01 7.159811244863896196e-01
8.893487321733102302e-01 7.156708343820409324e-01
8.845443351984741964e-01 7.098097990776816024e-01
8.779758237094408280e-01 7.009148160863596377e-01
8.691177167870870468e-01 6.925025065906903476e-01
8.571817930527289020e-01 6.734024268341303188e-01
8.449080601560780002e-01 6.576810615471425647e-01
8.395781822621194435e-01 6.480620683123407000e-01
8.340230982599654563e-01 6.435111467818970254e-01
8.216742966605823373e-01 6.277897814949091604e-01
8.104890599535424789e-01 6.132750999470542030e-01
7.900703728104898627e-01 5.942439735470160800e-01
7.738930673717844266e-01 5.713514591817531185e-01
7.599678230150336278e-01 5.635942065730418227e-01
7.374472121954899206e-01 5.323583360686315880e-01
7.039290364257363430e-01 4.986056680511729566e-01
6.812207538493633141e-01 4.721965325032941863e-01
6.686467461417849867e-01 4.624741092337094628e-01
6.238307306108937800e-01 4.138619928857865116e-01
6.025487533864253287e-01 3.916590120857421642e-01
5.519899820965504800e-01 3.440811960856471896e-01
4.929109130466148847e-01 2.955380330942458666e-01
4.290274470218436997e-01 2.451331294767539748e-01
3.882651414384701849e-01 2.093463374418998713e-01
3.414598052851858245e-01 1.759039595287896496e-01
3.009227058100076846e-01 1.468745964330795128e-01
2.367014306229432152e-01 1.097432139460488565e-01
1.933117204439563364e-01 8.409256531991071704e-02
