1.000000000000000000e+00 1.000000000000000000e+00
1.000000000000000000e+00 1.000000000000000000e+00
1.000000000000000000e+00 1.000000000000000000e+00
1.000000000000000000e+00 9.999895537042856608e-01
1.000000000000000000e+00 9.998224129728544574e-01
1.000000000000000000e+00 9.996657185371379262e-01
1.000000000000000000e+00 9.994463463271344716e-01
9.999658920493369463e-01 9.987568908099820897e-01
9.999204147817859489e-01 9.979002945613981712e-01
9.998294602466841763e-01 9.953827372942204432e-01
9.996361818595925763e-01 9.913609134441635495e-01
9.989767614801042805e-01 9.831396787169045526e-01
9.982491251992887671e-01 9.757332550553720063e-01
9.973736877989329841e-01 9.685879887866993831e-01
9.962708640608229915e-01 9.623411039494682573e-01
9.946791596965398607e-01 9.520201637836084307e-01
9.928600689945017432e-01 9.422319846991837888e-01
9.889262853513449691e-01 9.254343411903753758e-01
9.844012972300260067e-01 9.079367958686999085e-01
9.768293321827927755e-01 8.851429786198060645e-01
9.722474974770340950e-01 8.684393517724274814e-01
9.685979467560704714e-01 8.582333208594259411e-01
9.629928735304165155e-01 8.471602474021272533e-01
9.563645617848658409e-01 8.307177779476089263e-01
9.521806531701781928e-01 8.196655970817388059e-01
9.453818016713111394e-01 8.018860017757736269e-01
9.349561380852559056e-01 7.827170491397887897e-01
9.278503150304202585e-01 7.694502535824581102e-01
9.230979405713471975e-01 7.580115597751536649e-01
9.168107083324275042e-01 7.498738954136099366e-01
9.107053851637125774e-01 7.382576145791603928e-01
9.063395674788221612e-01 7.317077871662105437e-01
9.012802214637793963e-01 7.248341245861137372e-01
8.962890913500622947e-01 7.196318693203257455e-01
8.902178761320108658e-01 7.100108309673326401e-01
8.814521328115657584e-01 6.975692927714424174e-01
8.738915370812202488e-01 6.887944043713187803e-01
8.689458842350543666e-01 6.789017623297503023e-01
8.676725207436278842e-01 6.813984270055000181e-01
8.591341637609372084e-01 6.678495814638802930e-01
8.547910847098214582e-01 6.600148596780551769e-01
8.423189440839737863e-01 6.476673381435951171e-01
8.324162690747546334e-01 6.362808758148628119e-01
8.159989754888625768e-01 6.166000546888705802e-01
8.036973746163310617e-01 6.026855887972454306e-01
7.877803309734989767e-01 5.860550860198678880e-01
7.814476214670299514e-01 5.763191384140160523e-01
7.622107372929782798e-01 5.558339525180124863e-01
7.489995910694281500e-01 5.399033515535016647e-01
7.260449402730873025e-01 5.146651011074310222e-01
6.953364153593092345e-01 4.797640271255094735e-01
6.518487782637141237e-01 4.387309775592156957e-01
6.184229866137673781e-01 4.046447146430197095e-01
5.884193593470291583e-01 3.783722809212203275e-01
5.613149078866640496e-01 3.551919507308928248e-01
5.230116792918776403e-01 3.167913676846360604e-01
4.923258930118752374e-01 2.908741080171272642e-01
4.427670406982293638e-01 2.515229120608570845e-01
3.796559626544006583e-01 2.035848610273230663e-01
3.034246929221233180e-01 1.512280269065834903e-01
2.546162155230679014e-01 1.209546619261558792e-01
2.156649358656807514e-01 9.780567062297174097e-02
1.826370703068044277e-01 7.842779207269806596e-02
1.404910126039630169e-01 5.859027651098930312e-02
1.090434820924821163e-01 4.415349583364255176e-02
