1.000000000000000000e+00 1.000000000000000000e+00
1.000000000000000000e+00 9.999323873939237606e-01
1.000000000000000000e+00 9.996281306665806277e-01
1.000000000000000000e+00 9.989181983027801692e-01
1.000000000000000000e+00 9.980730407268272319e-01
1.000000000000000000e+00 9.960446625445407154e-01
1.000000000000000000e+00 9.942867347865587124e-01
1.000000000000000000e+00 9.901961721189463939e-01
1.000000000000000000e+00 9.849900014510768465e-01
9.999624656486341134e-01 9.763355878733191995e-01
9.998873969459023403e-01 9.608523010818624810e-01
9.992868473240478222e-01 9.380330465311346178e-01
9.984235572426319871e-01 9.217384084667632482e-01
9.975978015125821496e-01 9.055113830084676740e-01
9.960964274579461319e-01 8.915493798537262871e-01
9.941821755382850290e-01 8.714008232430091594e-01
9.930561449973078769e-01 8.523340683295120845e-01
9.893777785634492172e-01 8.239367737774954126e-01
9.854366716700290185e-01 7.941534208009158879e-01
9.794311754514837265e-01 7.582511269744373061e-01
9.748519845848429011e-01 7.342486518173755305e-01
9.704979998263980612e-01 7.174807255104701520e-01
9.658812746083919043e-01 7.026397584767375415e-01
9.626908547422898810e-01 6.803952110776577689e-01
9.590875570111628834e-01 6.677854600444407263e-01
9.509801371161274997e-01 6.390839087650808104e-01
9.440738164648003750e-01 6.198819286394313677e-01
9.338644728932744554e-01 6.009842052411248359e-01
9.307866560812702028e-01 5.851628554192866982e-01
9.285721293506815632e-01 5.740405817197469229e-01
9.250814346736524474e-01 5.737363249924040121e-01
9.172367552381780476e-01 5.688344110518772645e-01
9.177622361573003484e-01 5.640339160204648206e-01
9.126200300201716686e-01 5.547709889880212408e-01
9.092044040458743259e-01 5.570698175946129371e-01
8.970057398519550862e-01 5.431754270459475675e-01
8.970808085546867483e-01 5.380706752871923237e-01
8.915632589038988698e-01 5.296867121337397455e-01
8.893487321733102302e-01 5.270836267998046942e-01
8.845443351984741964e-01 5.229930641321928197e-01
8.779758237094408280e-01 5.084563538258032311e-01
8.691177167870870468e-01 5.085577727349176458e-01
8.571817930527289020e-01 4.867189009722953097e-01
8.449080601560780002e-01 4.740077310299637969e-01
8.395781822621194435e-01 4.609584980572513091e-01
8.340230982599654563e-01 4.579497370868589323e-01
8.216742966605823373e-01 4.402014279918483597e-01
8.104890599535424789e-01 4.276592895647076675e-01
7.900703728104898627e-01 4.212698982905039302e-01
7.738930673717844266e-01 3.947995630116596377e-01
7.599678230150336278e-01 3.865508250703594828e-01
7.374472121954899206e-01 3.564632153664368253e-01
7.039290364257363430e-01 3.313451322091170992e-01
6.812207538493633141e-01 3.095400667495327718e-01
6.686467461417849867e-01 3.009870720808894839e-01
6.238307306108937800e-01 2.626845307387048467e-01
6.025487533864253287e-01 2.476407258867435457e-01
5.519899820965504800e-01 2.077154819987294121e-01
4.929109130466148847e-01 1.767827147188538450e-01
4.290274470218436997e-01 1.414213217409852064e-01
3.882651414384701849e-01 1.180949726446856446e-01
3.414598052851858245e-01 9.713506476105412957e-02
3.009227058100076846e-01 7.607373796830829704e-02
2.367014306229432152e-01 5.443770402391449187e-02
1.933117204439563364e-01 3.929248026283883172e-02
