0.000000000000000000e+00 1.000000000000000000e+00
9.251492000000000049e-01 9.999481617500339814e-01
1.775449599999999961e+00 9.999481617500339814e-01
2.675647799999999688e+00 9.999481617500339814e-01
3.575847499999999179e+00 9.999481617500339814e-01
4.500996499999999401e+00 9.998963235000679628e-01
5.426146000000001024e+00 9.997926470001360366e-01
7.126746000000000691e+00 9.997926470001360366e-01
8.977045000000000385e+00 9.997408087501700180e-01
1.257784500000000172e+01 9.997926470001360366e-01
1.805390000000000228e+01 9.992224262505102761e-01
2.698104999999999976e+01 9.980819847512584220e-01
3.605787000000000830e+01 9.975117640016325504e-01
4.520956000000000330e+01 9.967860285021088451e-01
5.411176000000001096e+01 9.961121312525510474e-01
7.191615999999999076e+01 9.940386012539115246e-01
8.964570999999999401e+01 9.930536745045578373e-01
1.257286000000000001e+02 9.890621292571768475e-01
1.795659500000000151e+02 9.854334517595578768e-01
2.688624000000000365e+02 9.797830825132654020e-01
3.585825999999999567e+02 9.725775657679931463e-01
4.475546999999999684e+02 9.682749910208162669e-01
5.377742999999999256e+02 9.628319747743877555e-01
7.173901500000000624e+02 9.571816055280951696e-01
8.986027999999998883e+02 9.488356472835715039e-01
1.258134299999999939e+03 9.345801285429252703e-01
1.798004800000000159e+03 9.246271845494559161e-01
2.698554100000000290e+03 9.050841643122790048e-01
3.600197200000000066e+03 8.957014410684356331e-01
4.501345299999999952e+03 8.822234960772792345e-01
5.403241899999999987e+03 8.792687158292178395e-01
7.206735700000000179e+03 8.659981238379252932e-01
9.009605499999999665e+03 8.634062113396261395e-01
1.260674250000000029e+04 8.407528961044899996e-01
1.800607099999999991e+04 8.279488483628912876e-01
2.700786999999999898e+04 8.146782563715988523e-01
3.600494249999999738e+04 8.143672268718029628e-01
4.500816350000000239e+04 8.015631791302042508e-01
5.400477500000000146e+04 7.879815576391160370e-01
7.201129499999999825e+04 7.710822881502044090e-01
9.000706100000000151e+04 7.607664764069732577e-01
1.260169949999999953e+05 7.424675741689800157e-01
1.800245299999999988e+05 7.245833779307147005e-01
2.700507899999999790e+05 6.819204982087079259e-01
3.600742500000000000e+05 6.576083589746604119e-01
4.501033150000000023e+05 6.405535747358509502e-01
5.401274949999999953e+05 6.205440102489802046e-01
7.201942600000000093e+05 5.865381182712930963e-01
9.002237299999999814e+05 5.509770787946265402e-01
1.260256649999999907e+06 5.062406690739802428e-01
1.800419949999999953e+06 4.541950661081300411e-01
2.700632100000000093e+06 3.841097521541165238e-01
3.600841299999999814e+06 3.474601094281641878e-01
4.500998000000000000e+06 3.092553192032322373e-01
5.401269250000000000e+06 2.667479542311234630e-01
7.201695500000000000e+06 2.202490440116337544e-01
9.002125500000000000e+06 1.947446250283684788e-01
1.260309950000000000e+07 1.431137280622461205e-01
1.800441250000000000e+07 1.031464373384706895e-01
2.700663600000000000e+07 6.670414761238230295e-02
3.600883800000000000e+07 4.612436237588574128e-02
4.501099200000000000e+07 3.762288938146397810e-02
5.401312550000000000e+07 2.715156288833474665e-02
7.201699350000000000e+07 1.579898614578374369e-02
9.002097500000000000e+07 8.334278150681714153e-03
