0.000000000000000000e+00 1.000000000000000000e+00
2.083333333333333467e-04 9.974504940292227007e-01
4.166666666666666934e-04 9.948192086693778968e-01
6.250000000000001214e-04 9.920701296215738152e-01
8.333333333333333868e-04 9.893525309685387015e-01
1.041666666666666652e-03 9.866868284421135282e-01
1.250000000000000243e-03 9.840855194895989921e-01
1.666666666666666774e-03 9.792198020838629446e-01
2.083333333333333304e-03 9.744756081947321125e-01
2.916666666666666800e-03 9.663447948040948532e-01
4.166666666666666609e-03 9.564113826963516196e-01
6.250000000000000347e-03 9.437010154139053864e-01
8.333333333333333218e-03 9.325158794485431946e-01
1.041666666666666782e-02 9.242059273310785361e-01
1.250000000000000069e-02 9.169610308328084436e-01
1.666666666666666644e-02 9.048254611601651565e-01
2.083333333333333565e-02 8.936290307694018109e-01
2.916666666666666713e-02 8.760089679876896795e-01
4.166666666666667129e-02 8.587941373440564075e-01
6.250000000000001388e-02 8.398564382288635777e-01
8.333333333333334259e-02 8.284968377180697008e-01
1.041666666666666713e-01 8.224564934132807537e-01
1.250000000000000278e-01 8.119192630738476524e-01
1.666666666666666852e-01 7.985704827733887123e-01
2.083333333333333426e-01 7.938193740532784037e-01
2.916666666666666852e-01 7.860481662868510355e-01
4.166666666666666852e-01 7.725401968728871083e-01
6.250000000000000000e-01 7.545948559698388847e-01
8.333333333333333703e-01 7.428983145179943737e-01
1.041666666666666741e+00 7.391521935182991943e-01
1.250000000000000000e+00 7.237293020247623776e-01
1.666666666666666741e+00 7.156070006731363176e-01
2.083333333333333481e+00 7.150751768511738327e-01
2.916666666666666963e+00 6.990504744719363561e-01
4.166666666666666963e+00 6.854066460414425244e-01
6.250000000000000000e+00 6.748567118180828217e-01
8.333333333333333925e+00 6.569116273265146466e-01
1.041666666666666785e+01 6.362965507447428948e-01
1.250000000000000000e+01 6.247139260823026952e-01
1.666666666666666785e+01 5.903404267164082952e-01
2.083333333333333570e+01 5.761867667304221285e-01
2.916666666666666785e+01 5.503044478996855782e-01
4.166666666666667140e+01 5.087090272781393807e-01
6.250000000000000000e+01 4.521760328432753440e-01
8.333333333333334281e+01 3.866383476349732895e-01
1.041666666666666714e+02 3.408757115128122073e-01
1.250000000000000000e+02 3.029268608625460546e-01
1.666666666666666856e+02 2.496634908470127812e-01
2.083333333333333428e+02 2.001643649019834159e-01
2.916666666666666856e+02 1.460018516215556006e-01
4.166666666666666856e+02 8.579643351475579882e-02
6.250000000000000000e+02 2.950641739264406663e-02
8.333333333333333712e+02 1.463346320761304761e-02
1.041666666666666742e+03 4.777144404615351302e-03
1.250000000000000000e+03 2.098877133883653157e-03
1.666666666666666742e+03 -4.970761126489673526e-04
2.083333333333333485e+03 -8.136256193271096740e-04
2.916666666666666970e+03 4.718885884478831241e-03
4.166666666666666970e+03 -6.967169823031017090e-03
6.250000000000000000e+03 -3.975464606128622722e-03
