1.000000000000000000e+00 1.000000000000000000e+00
1.000000000000000000e+00 9.999492929199886859e-01
1.000000000000000000e+00 9.996957575199317825e-01
1.000000000000000000e+00 9.990365654797840334e-01
1.000000000000000000e+00 9.976505719594733756e-01
1.000000000000000000e+00 9.959434335990908771e-01
1.000000000000000000e+00 9.938306385986171998e-01
9.999624812542705632e-01 9.894867320776435937e-01
9.999624812542705632e-01 9.844160240765073011e-01
9.998686843899466936e-01 9.740717797541886824e-01
9.994747375597866634e-01 9.591300935108399983e-01
9.990057532381674266e-01 9.362781027857183247e-01
9.981615814592528224e-01 9.155220047010662610e-01
9.978614314934165508e-01 8.994985674174751367e-01
9.967546284943953339e-01 8.846413929741451243e-01
9.944284662591643675e-01 8.634796382494024369e-01
9.929464758028480054e-01 8.453096012453298336e-01
9.885380231796278006e-01 8.142599659183710203e-01
9.838669393363009830e-01 7.874866276723705427e-01
9.769822494949317315e-01 7.482393477435741458e-01
9.719547375671742095e-01 7.226998817778501616e-01
9.669084662665522467e-01 7.045636494937852490e-01
9.633066666765172092e-01 6.873232422899212546e-01
9.582228766301655876e-01 6.632035745645155078e-01
9.520698023305222968e-01 6.474336726809810649e-01
9.459917655223381017e-01 6.220632303152949794e-01
9.392383912910221566e-01 5.996676033102754655e-01
9.291833674355074457e-01 5.747197199446839599e-01
9.193909748000995696e-01 5.646628157424301575e-01
9.157891752100647542e-01 5.594230841412556332e-01
9.141195910251003198e-01 5.520874598996116100e-01
9.074600136581083554e-01 5.407459763370696670e-01
8.996373551735007412e-01 5.307566815748309130e-01
8.905202999612243930e-01 5.195673192523229122e-01
8.825850852394282464e-01 5.052172156091067068e-01
8.767696796513507751e-01 4.976787630474172608e-01
8.675025494561561246e-01 4.844780198844585439e-01
8.613494751565129448e-01 4.801679180834925731e-01
8.541458759764427588e-01 4.657164002802536285e-01
8.445598364425470628e-01 4.561834692381170342e-01
8.351989093830288757e-01 4.402783484745523279e-01
8.176401363816075962e-01 4.199110046699874865e-01
8.017884663108799659e-01 4.038030555863773574e-01
7.763319973333923096e-01 3.766916701403009715e-01
7.549838310132884756e-01 3.514226419346375696e-01
7.395448671455858713e-01 3.352132786910046458e-01
7.254003000055521122e-01 3.280466780493983547e-01
6.893635447323361864e-01 2.910981190811173236e-01
6.634568508060940673e-01 2.682799330760031742e-01
6.168585686100147569e-01 2.358781089487410887e-01
5.618748467433850591e-01 2.018705606211191605e-01
4.916772734834298220e-01 1.600879266917546173e-01
4.346675393474053739e-01 1.341259017259358866e-01
3.869999728980343945e-01 1.121697360810149507e-01
3.533831767243733601e-01 9.763370647775705680e-02
3.001440765341668038e-01 7.701282727313539522e-02
2.619312340086381030e-01 6.293316138997979980e-02
2.016573689941441871e-01 4.295457186550210443e-02
1.461483846873009307e-01 2.836783518223284437e-02
8.949507863570697885e-02 1.645167137956213624e-02
5.889854149327328203e-02 9.149851857925614743e-03
3.920119998526875454e-02 6.969447417436932385e-03
3.072196345039442458e-02 4.248167456827025602e-03
1.907239290137460047e-02 1.763520536270153259e-03
1.156864375546811513e-02 2.557931456448200250e-03
