0.000000000000000000e+00 1.000000000000000000e+00
1.000000000000000000e+00 9.949454583255801232e-01
2.000000000000000000e+00 9.960568776287676007e-01
3.000000000000000000e+00 9.938080707618345278e-01
4.000000000000000000e+00 9.952167304438888085e-01
5.000000000000000000e+00 9.950132773443332024e-01
6.000000000000000000e+00 9.939620342241479722e-01
8.000000000000000000e+00 9.975761248490504496e-01
1.000000000000000000e+01 9.972459692687325461e-01
1.400000000000000000e+01 9.927627057143516565e-01
2.000000000000000000e+01 9.934343849391042980e-01
3.000000000000000000e+01 9.967384398700185333e-01
4.000000000000000000e+01 9.962488500171229333e-01
5.000000000000000000e+01 9.960741564957145133e-01
6.000000000000000000e+01 9.963075117527435687e-01
8.000000000000000000e+01 9.963262729179860333e-01
1.000000000000000000e+02 9.937007711541883115e-01
1.400000000000000000e+02 9.946256908847562750e-01
2.000000000000000000e+02 9.917448609555575834e-01
3.000000000000000000e+02 9.919546150399872753e-01
4.000000000000000000e+02 9.895349031960176678e-01
5.000000000000000000e+02 9.889007279729576938e-01
6.000000000000000000e+02 9.864072847876157457e-01
8.000000000000000000e+02 9.881151788262089175e-01
1.000000000000000000e+03 9.860539049373057141e-01
1.400000000000000000e+03 9.860965036617687085e-01
2.000000000000000000e+03 9.843750779290292297e-01
3.000000000000000000e+03 9.825738324343986640e-01
4.000000000000000000e+03 9.834635016936916774e-01
5.000000000000000000e+03 9.780104487561079862e-01
6.000000000000000000e+03 9.767621066328129320e-01
8.000000000000000000e+03 9.749894317839992164e-01
1.000000000000000000e+04 9.720434134451563235e-01
1.400000000000000000e+04 9.659986814927928878e-01
2.000000000000000000e+04 9.552120066013078947e-01
3.000000000000000000e+04 9.447528300225567222e-01
4.000000000000000000e+04 9.314242394701670591e-01
5.000000000000000000e+04 9.222481618544953186e-01
6.000000000000000000e+04 9.171079169812115239e-01
8.000000000000000000e+04 9.160730991930035039e-01
1.000000000000000000e+05 9.057838897442795911e-01
1.400000000000000000e+05 8.785658360572619063e-01
2.000000000000000000e+05 8.526102641919590663e-01
3.000000000000000000e+05 7.953401243885906968e-01
4.000000000000000000e+05 7.469915243963455298e-01
5.000000000000000000e+05 7.243188723963157605e-01
6.000000000000000000e+05 6.983596983074410458e-01
8.000000000000000000e+05 6.280208482367202194e-01
1.000000000000000000e+06 5.744196356206289211e-01
1.400000000000000000e+06 4.975258605463144246e-01
2.000000000000000000e+06 3.936383843695202556e-01
3.000000000000000000e+06 2.910870366897512218e-01
4.000000000000000000e+06 2.190429262414892164e-01
5.000000000000000000e+06 1.417028203458279012e-01
6.000000000000000000e+06 9.657155740435340030e-02
8.000000000000000000e+06 4.309643045868556677e-02
1.000000000000000000e+07 2.497061761225199267e-02
1.400000000000000000e+07 -1.212293540640145030e-02
2.000000000000000000e+07 -3.744881248740968005e-02
3.000000000000000000e+07 2.779153978219369922e-02
4.000000000000000000e+07 2.086153619685306854e-03
5.000000000000000000e+07 -9.154152942315720715e-03
