0.000000000000000000e+00 1.000000000000000000e+00
2.083333333333333467e-04 9.983566896425799531e-01
4.166666666666666934e-04 9.972611494043002178e-01
6.250000000000001214e-04 9.967590267950879879e-01
8.333333333333333868e-04 9.968046743050165137e-01
1.041666666666666652e-03 9.958004290865932751e-01
1.250000000000000243e-03 9.958004290865931640e-01
1.666666666666666774e-03 9.947048888483134288e-01
2.083333333333333304e-03 9.942027662391017540e-01
2.916666666666666800e-03 9.938375861596749905e-01
4.166666666666666609e-03 9.934267585703200343e-01
6.250000000000000347e-03 9.916465056831147429e-01
8.333333333333333218e-03 9.908248505044051635e-01
1.041666666666666782e-02 9.896836627561967914e-01
1.250000000000000069e-02 9.890902451271282869e-01
1.666666666666666644e-02 9.876751723193499810e-01
2.083333333333333565e-02 9.853927968229333478e-01
2.916666666666666713e-02 9.812388734194549267e-01
4.166666666666667129e-02 9.776783676450450100e-01
6.250000000000001388e-02 9.718354863742182381e-01
8.333333333333334259e-02 9.668599077920302376e-01
1.041666666666666713e-01 9.639841146665449889e-01
1.250000000000000278e-01 9.586433560049298919e-01
1.666666666666666852e-01 9.510202218468979396e-01
2.083333333333333426e-01 9.436709727484365873e-01
2.916666666666666852e-01 9.370064362988999029e-01
4.166666666666666852e-01 9.279682293330898668e-01
6.250000000000000000e-01 9.174236545396449172e-01
8.333333333333333703e-01 9.091614552426162676e-01
1.041666666666666741e+00 9.022686812434379533e-01
1.250000000000000000e+00 8.947368421052631637e-01
1.666666666666666741e+00 8.759300680147896756e-01
2.083333333333333481e+00 8.762952480942166611e-01
2.916666666666666963e+00 8.607294472086549630e-01
4.166666666666666963e+00 8.411923129593278370e-01
6.250000000000000000e+00 8.200118683525814411e-01
8.333333333333333925e+00 8.015246268316064127e-01
1.041666666666666785e+01 7.865065960651849153e-01
1.250000000000000000e+01 7.665129867165746402e-01
1.666666666666666785e+01 7.368877527730861576e-01
2.083333333333333570e+01 7.217784269868078306e-01
2.916666666666666785e+01 6.743050166613410168e-01
4.166666666666667140e+01 6.086182498744692193e-01
6.250000000000000000e+01 5.457159811932258409e-01
8.333333333333334281e+01 4.901629616104440368e-01
1.041666666666666714e+02 4.291778883461905836e-01
1.250000000000000000e+02 3.807002328023006421e-01
1.666666666666666856e+02 3.094901173141005324e-01
2.083333333333333428e+02 2.549413429497421335e-01
2.916666666666666856e+02 1.901218788515086355e-01
4.166666666666666856e+02 1.322408362623818945e-01
6.250000000000000000e+02 7.458803122289675569e-02
8.333333333333333712e+02 3.377915734696668171e-02
1.041666666666666742e+03 2.661249828821838151e-02
1.250000000000000000e+03 1.848724152097504583e-02
1.666666666666666742e+03 1.205094262108004528e-02
2.083333333333333485e+03 1.364860546857169128e-02
2.916666666666666970e+03 4.838636052403340673e-03
4.166666666666666970e+03 3.040734992354471062e-17
6.250000000000000000e+03 0.000000000000000000e+00
