1.000000000000000000e+00 1.000000000000000000e+00
9.997217197718103465e-01 9.997417355371902570e-01
9.993042994295256998e-01 9.993543388429753094e-01
9.988868790872412751e-01 9.989669421487605838e-01
9.992115393534625190e-01 9.992682506887053950e-01
9.989332591252726434e-01 9.990099862258954300e-01
9.987477389731461708e-01 9.988378099173556013e-01
9.982839385928298226e-01 9.984073691460054745e-01
9.977273781364502936e-01 9.978908402203857664e-01
9.971244376420388411e-01 9.973312672176307681e-01
9.962432169194379572e-01 9.965134297520661377e-01
9.955938963869951364e-01 9.957816804407710887e-01
9.948054357404574333e-01 9.944473140495867503e-01
9.939705950558876957e-01 9.920368457300274834e-01
9.926719539910024981e-01 9.884211432506883055e-01
9.928574741431285267e-01 9.826101928374657568e-01
9.921617735726543374e-01 9.765840220385675341e-01
9.910022726218634670e-01 9.676308539944903364e-01
9.902138119753254308e-01 9.578598484848483974e-01
9.882194703399655999e-01 9.436553030303032052e-01
9.878948100737442450e-01 9.344869146005509997e-01
9.865034089327954225e-01 9.260072314049587749e-01
9.852511479059412602e-01 9.125344352617077437e-01
9.833959463846759785e-01 8.979855371900825611e-01
9.805203840267148196e-01 8.830492424242425420e-01
9.777839617828486540e-01 8.626033057851237862e-01
9.737952785121287702e-01 8.432765151515151381e-01
9.654004916284033566e-01 8.134039256198347667e-01
9.620611288901257385e-01 7.964015151515152491e-01
9.543620425768749582e-01 7.795282369146003809e-01
9.557070636797919683e-01 7.785382231404959219e-01
9.427206530309356625e-01 7.482351928374658678e-01
9.404944112054171024e-01 7.474603994490357506e-01
9.276007606326239774e-01 7.223226584022037766e-01
9.204582347757527261e-01 7.074724517906334498e-01
9.113213672835213108e-01 6.888774104683196287e-01
8.988451370530122775e-01 6.655044765840218979e-01
8.921664115764574854e-01 6.599517906336085371e-01
8.833078243124159457e-01 6.380853994490356396e-01
8.726404155651410477e-01 6.265065426997247222e-01
8.712953944622238156e-01 6.268508953168042686e-01
8.470850146097119726e-01 6.063188705234158205e-01
8.322434024395903851e-01 5.846246556473829736e-01
8.026065581373776903e-01 5.392561983471074738e-01
7.805296600343214486e-01 5.247503443526170264e-01
7.431009693427950147e-01 4.835571625344352586e-01
7.194471499466631448e-01 4.625516528925618931e-01
6.917582672417790235e-01 4.315599173553719692e-01
6.516859143824499379e-01 4.022469008264463186e-01
5.973748898474097180e-01 3.504218319559229688e-01
5.231668289967995600e-01 2.993715564738292367e-01
4.304531329715690635e-01 2.350637052341597311e-01
3.632948379017670315e-01 1.862947658402203666e-01
3.075460321877464542e-01 1.482438016528925262e-01
2.755901859839525736e-01 1.361914600550964138e-01
1.971615416724642744e-01 8.759469696969696129e-02
1.470247205602708274e-01 6.370523415977959181e-02
9.391957701405313774e-02 3.697486225895316170e-02
4.744677890635870532e-02 1.700241046831956621e-02
9.878948100737406507e-03 2.367424242424239888e-03
0.000000000000000000e+00 0.000000000000000000e+00
