0.000000000000000000e+00 1.000000000000000000e+00
2.083333333333333467e-04 9.988220903366105130e-01
4.166666666666666934e-04 9.983690481583834542e-01
6.250000000000001214e-04 9.979613101979795120e-01
8.333333333333333868e-04 9.975082680197524532e-01
1.041666666666666652e-03 9.971911384949937451e-01
1.250000000000000243e-03 9.967380963167670194e-01
1.666666666666666774e-03 9.965568794454761070e-01
2.083333333333333304e-03 9.967834005345895809e-01
2.916666666666666800e-03 9.954695782177320762e-01
4.166666666666666609e-03 9.951977529107960407e-01
6.250000000000000347e-03 9.939745390295834371e-01
8.333333333333333218e-03 9.931137588909526581e-01
1.041666666666666782e-02 9.932043673265978923e-01
1.250000000000000069e-02 9.931137588909526581e-01
1.666666666666666644e-02 9.929778462374847514e-01
2.083333333333333565e-02 9.916187197028043521e-01
2.916666666666666713e-02 9.908938522176411468e-01
4.166666666666667129e-02 9.908032437819958016e-01
6.250000000000001388e-02 9.888098581977982082e-01
8.333333333333334259e-02 9.841435237620622667e-01
1.041666666666666713e-01 9.826031803560912881e-01
1.250000000000000278e-01 9.791147555837450556e-01
1.666666666666666852e-01 9.745843338014771318e-01
2.083333333333333426e-01 9.710053005934853321e-01
2.916666666666666852e-01 9.647080143161328447e-01
4.166666666666666852e-01 9.552394327911929439e-01
6.250000000000000000e-01 9.497576224346484519e-01
8.333333333333333703e-01 9.370271372264757925e-01
1.041666666666666741e+00 9.321795859194491607e-01
1.250000000000000000e+00 9.278303810084718162e-01
1.666666666666666741e+00 9.193131880578083726e-01
2.083333333333333481e+00 9.160059801567524973e-01
2.916666666666666963e+00 9.092103474833503896e-01
4.166666666666666963e+00 9.003307207901056763e-01
6.250000000000000000e+00 8.834322475422462517e-01
8.333333333333333925e+00 8.670321206904361144e-01
1.041666666666666785e+01 8.630906537398631562e-01
1.250000000000000000e+01 8.488651293435417466e-01
1.666666666666666785e+01 8.230417251846144922e-01
2.083333333333333570e+01 8.043310832238481645e-01
2.916666666666666785e+01 7.794137634213742505e-01
4.166666666666667140e+01 7.433969102523442229e-01
6.250000000000000000e+01 6.818284782313234205e-01
8.333333333333334281e+01 6.471254473791510087e-01
1.041666666666666714e+02 6.188103112399764294e-01
1.250000000000000000e+02 5.932134281701627598e-01
1.666666666666666856e+02 5.488605989217596459e-01
2.083333333333333428e+02 5.065917636931998036e-01
2.916666666666666856e+02 4.274452951569791548e-01
4.166666666666666856e+02 3.388302450958184386e-01
6.250000000000000000e+02 2.547003125991029737e-01
8.333333333333333712e+02 1.964390884791374081e-01
1.041666666666666742e+03 1.517691297059755862e-01
1.250000000000000000e+03 1.182893127350156115e-01
1.666666666666666742e+03 7.425361301137133052e-02
2.083333333333333485e+03 5.096724505051420523e-02
2.916666666666666970e+03 2.926652471345079706e-02
4.166666666666666970e+03 1.707969011915011145e-02
6.250000000000000000e+03 0.000000000000000000e+00
