1.000000000000000000e+00 1.000000000000000000e+00
9.988220903366105130e-01 9.988882712618122328e-01
9.983690481583834542e-01 9.984606832855859038e-01
9.979613101979795120e-01 9.980758541069825185e-01
9.975082680197524532e-01 9.976482661307563005e-01
9.971911384949937451e-01 9.973489545473979145e-01
9.967380963167670194e-01 9.969213665711719186e-01
9.965568794454761070e-01 9.967503313806813647e-01
9.967834005345895809e-01 9.969641253687944182e-01
9.954695782177320762e-01 9.957241202377389300e-01
9.951977529107960407e-01 9.954675674520032658e-01
9.939745390295834371e-01 9.941848035233247227e-01
9.931137588909526581e-01 9.927310044041560699e-01
9.932043673265978923e-01 9.920468636421942987e-01
9.931137588909526581e-01 9.905075469277802025e-01
9.929778462374847514e-01 9.861033907726514114e-01
9.916187197028043521e-01 9.791764655577883669e-01
9.908938522176411468e-01 9.651515799375721683e-01
9.908032437819958016e-01 9.469790909479621765e-01
9.888098581977982082e-01 9.216658827553765310e-01
9.841435237620622667e-01 8.991319964082609140e-01
9.826031803560912881e-01 8.831402060974042900e-01
9.791147555837450556e-01 8.677042801556418272e-01
9.745843338014771318e-01 8.478641980587506843e-01
9.710053005934853321e-01 8.265275580450679449e-01
9.647080143161328447e-01 8.053191944242528155e-01
9.552394327911929439e-01 7.750459657074445508e-01
9.497576224346484519e-01 7.558472655748920133e-01
9.370271372264757925e-01 7.399837516569032214e-01
9.321795859194491607e-01 7.219395390601616169e-01
9.278303810084718162e-01 7.176209005002779362e-01
9.193131880578083726e-01 7.011160046179500949e-01
9.160059801567524973e-01 6.941890794030873835e-01
9.092103474833503896e-01 6.852524906999614140e-01
9.003307207901056763e-01 6.681489716509172450e-01
8.834322475422462517e-01 6.467695728396117838e-01
8.670321206904361144e-01 6.239363749091374478e-01
8.630906537398631562e-01 6.197887715397443209e-01
8.488651293435417466e-01 6.021293881216061017e-01
8.230417251846144922e-01 5.705733954761192939e-01
8.043310832238481645e-01 5.486381322957197826e-01
7.794137634213742505e-01 5.231111301150209725e-01
7.433969102523442229e-01 4.790268097661093960e-01
6.818284782313234205e-01 4.292128105357677081e-01
6.471254473791510087e-01 3.988968230213366106e-01
6.188103112399764294e-01 3.709753281737717123e-01
5.932134281701627598e-01 3.511352460768803474e-01
5.488605989217596459e-01 3.168854491811690099e-01
5.065917636931998036e-01 2.854149741309274235e-01
4.274452951569791548e-01 2.285030144952323594e-01
3.388302450958184386e-01 1.650062000256552475e-01
2.547003125991029737e-01 1.182280754265190303e-01
1.964390884791374081e-01 8.957968101936972238e-02
1.517691297059755862e-01 6.512164877923633244e-02
1.182893127350156115e-01 5.349125582588618727e-02
7.425361301137133052e-02 2.680976610937699234e-02
5.096724505051420523e-02 1.851455937059049567e-02
2.926652471345079706e-02 9.193141488861338723e-03
1.707969011915011145e-02 3.805532988412380947e-03
0.000000000000000000e+00 0.000000000000000000e+00
