0.000000000000000000e+00 1.000000000000000000e+00
2.083333333333333603e-05 9.997217197718103465e-01
4.166666666666667205e-05 9.993042994295256998e-01
6.250000000000001485e-05 9.988868790872412751e-01
8.333333333333334410e-05 9.992115393534625190e-01
1.041666666666666734e-04 9.989332591252726434e-01
1.250000000000000297e-04 9.987477389731461708e-01
1.666666666666666882e-04 9.982839385928298226e-01
2.083333333333333467e-04 9.977273781364502936e-01
2.916666666666666908e-04 9.971244376420388411e-01
4.166666666666666934e-04 9.962432169194379572e-01
6.250000000000001214e-04 9.955938963869951364e-01
8.333333333333333868e-04 9.948054357404574333e-01
1.041666666666666652e-03 9.939705950558876957e-01
1.250000000000000243e-03 9.926719539910024981e-01
1.666666666666666774e-03 9.928574741431285267e-01
2.083333333333333304e-03 9.921617735726543374e-01
2.916666666666667233e-03 9.910022726218634670e-01
4.166666666666666609e-03 9.902138119753254308e-01
6.250000000000000347e-03 9.882194703399655999e-01
8.333333333333333218e-03 9.878948100737442450e-01
1.041666666666666782e-02 9.865034089327954225e-01
1.250000000000000069e-02 9.852511479059412602e-01
1.666666666666666644e-02 9.833959463846759785e-01
2.083333333333333565e-02 9.805203840267148196e-01
2.916666666666666713e-02 9.777839617828486540e-01
4.166666666666667129e-02 9.737952785121287702e-01
6.250000000000001388e-02 9.654004916284033566e-01
8.333333333333334259e-02 9.620611288901257385e-01
1.041666666666666713e-01 9.543620425768749582e-01
1.250000000000000278e-01 9.557070636797919683e-01
1.666666666666666852e-01 9.427206530309356625e-01
2.083333333333333426e-01 9.404944112054171024e-01
2.916666666666666852e-01 9.276007606326239774e-01
4.166666666666666852e-01 9.204582347757527261e-01
6.250000000000001110e-01 9.113213672835213108e-01
8.333333333333333703e-01 8.988451370530122775e-01
1.041666666666666741e+00 8.921664115764574854e-01
1.250000000000000222e+00 8.833078243124159457e-01
1.666666666666666741e+00 8.726404155651410477e-01
2.083333333333333481e+00 8.712953944622238156e-01
2.916666666666666963e+00 8.470850146097119726e-01
4.166666666666666963e+00 8.322434024395903851e-01
6.250000000000000888e+00 8.026065581373776903e-01
8.333333333333333925e+00 7.805296600343214486e-01
1.041666666666666785e+01 7.431009693427950147e-01
1.250000000000000178e+01 7.194471499466631448e-01
1.666666666666666785e+01 6.917582672417790235e-01
2.083333333333333570e+01 6.516859143824499379e-01
2.916666666666667140e+01 5.973748898474097180e-01
4.166666666666667140e+01 5.231668289967995600e-01
6.250000000000000711e+01 4.304531329715690635e-01
8.333333333333334281e+01 3.632948379017670315e-01
1.041666666666666856e+02 3.075460321877464542e-01
1.250000000000000142e+02 2.755901859839525736e-01
1.666666666666666856e+02 1.971615416724642744e-01
2.083333333333333712e+02 1.470247205602708274e-01
2.916666666666666856e+02 9.391957701405313774e-02
4.166666666666667425e+02 4.744677890635870532e-02
6.250000000000000000e+02 9.878948100737406507e-03
8.333333333333334849e+02 0.000000000000000000e+00
