1.000000000000000000e+00 1.000000000000000000e+00
9.983566896425799531e-01 9.984598271583809970e-01
9.972611494043002178e-01 9.974330452639686984e-01
9.967590267950879879e-01 9.969624368956957472e-01
9.968046743050165137e-01 9.970052194746298335e-01
9.958004290865932751e-01 9.960640027380850414e-01
9.958004290865931640e-01 9.960212201591509551e-01
9.947048888483134288e-01 9.948660905279370636e-01
9.942027662391017540e-01 9.940104389492597781e-01
9.938375861596749905e-01 9.916146145289639335e-01
9.934267585703200343e-01 9.853683580046205259e-01
9.916465056831147429e-01 9.737742791135450826e-01
9.908248505044051635e-01 9.623085479592710101e-01
9.896836627561967914e-01 9.531958586463590288e-01
9.890902451271282869e-01 9.456233421750661616e-01
9.876751723193499810e-01 9.296654402327372280e-01
9.853927968229333478e-01 9.116111919226490556e-01
9.812388734194549267e-01 8.882946864036962431e-01
9.776783676450450100e-01 8.660905279370240129e-01
9.718354863742182381e-01 8.393941986822965884e-01
9.668599077920302376e-01 8.124411739539658672e-01
9.639841146665449889e-01 7.999058783263457428e-01
9.586433560049298919e-01 7.885257123299392878e-01
9.510202218468979396e-01 7.637973817061693982e-01
9.436709727484365873e-01 7.436040044493880119e-01
9.370064362988999029e-01 7.361598357148970706e-01
9.279682293330898668e-01 7.143835030375628170e-01
9.174236545396449172e-01 6.983828185163002411e-01
9.091614552426162676e-01 6.884572602036449496e-01
9.022686812434379533e-01 6.786172670488576086e-01
8.947368421052631637e-01 6.617181483699838829e-01
8.759300680147896756e-01 6.410541627449302116e-01
8.762952480942166611e-01 6.346367759048515689e-01
8.607294472086549630e-01 6.209891332249508622e-01
8.411923129593278370e-01 5.929665440232735341e-01
8.200118683525814411e-01 5.678959527680329522e-01
8.015246268316064127e-01 5.501411825104817188e-01
7.865065960651849153e-01 5.301189355694360117e-01
7.665129867165746402e-01 5.124069478908187536e-01
7.368877527730861576e-01 4.776247112175923126e-01
7.217784269868078306e-01 4.673996748524000822e-01
6.743050166613410168e-01 4.263283990758963138e-01
6.086182498744692193e-01 3.678873962522460350e-01
5.457159811932258409e-01 3.126550868486352441e-01
4.901629616104440368e-01 2.747925044921707971e-01
4.291778883461905836e-01 2.327800119791221256e-01
3.807002328023006421e-01 1.988962094635064737e-01
3.094901173141005324e-01 1.551296312141695888e-01
2.549413429497421335e-01 1.240694789081885768e-01
1.901218788515086355e-01 8.860272097202021024e-02
1.322408362623818945e-01 5.835543766578248776e-02
7.458803122289675569e-02 2.994780525370069335e-02
3.377915734696668171e-02 1.240694789081885248e-02
2.661249828821838151e-02 9.241037049713343374e-03
1.848724152097504583e-02 5.262257208864540466e-03
1.205094262108004528e-02 4.064344998716523660e-03
1.364860546857169128e-02 4.748866261658239371e-03
4.838636052403340673e-03 1.283477368015638353e-04
3.040734992354471062e-17 2.566954736031419279e-04
0.000000000000000000e+00 0.000000000000000000e+00
