0.000000000000000000e+00 1.000000000000000000e+00
1.000000000000000000e+00 1.000000000000000000e+00
2.000000000000000000e+00 1.000000000000000000e+00
3.000000000000000000e+00 9.999655233217390471e-01
4.000000000000000000e+00 9.998276166086952355e-01
5.000000000000000000e+00 9.996207565391295180e-01
6.000000000000000000e+00 9.994138964695639116e-01
8.000000000000000000e+00 9.990001763304324767e-01
1.000000000000000000e+01 9.976900625565170433e-01
1.400000000000000000e+01 9.958627986086873163e-01
2.000000000000000000e+01 9.920703639999838286e-01
3.000000000000000000e+01 9.851405516695351805e-01
4.000000000000000000e+01 9.779004492347385114e-01
5.000000000000000000e+01 9.736598178086429689e-01
6.000000000000000000e+01 9.673850623651519820e-01
8.000000000000000000e+01 9.547665981216489905e-01
1.000000000000000000e+02 9.461474285564139830e-01
1.400000000000000000e+02 9.312879802259498296e-01
2.000000000000000000e+02 9.162216718259196258e-01
3.000000000000000000e+02 8.938807843128316888e-01
4.000000000000000000e+02 8.807451698954138486e-01
5.000000000000000000e+02 8.703332130606106221e-01
6.000000000000000000e+02 8.576113187823241057e-01
8.000000000000000000e+02 8.377527521040240011e-01
1.000000000000000000e+03 8.306160797040096355e-01
1.400000000000000000e+03 8.059652547474389639e-01
2.000000000000000000e+03 7.810730930430411778e-01
3.000000000000000000e+03 7.619730132864812600e-01
4.000000000000000000e+03 7.440796172690544719e-01
5.000000000000000000e+03 7.179807718255238891e-01
6.000000000000000000e+03 7.101890425385519734e-01
8.000000000000000000e+03 6.779533483645745484e-01
1.000000000000000000e+04 6.565088544862709430e-01
1.400000000000000000e+04 6.337542468340514601e-01
2.000000000000000000e+04 5.877968347122206616e-01
3.000000000000000000e+04 5.435632565034365093e-01
4.000000000000000000e+04 5.003984553207418973e-01
5.000000000000000000e+04 4.727826360337301637e-01
6.000000000000000000e+04 4.513726188336873446e-01
8.000000000000000000e+04 3.958996435118375956e-01
1.000000000000000000e+05 3.591819811639381799e-01
1.400000000000000000e+05 3.011577316507788038e-01
2.000000000000000000e+05 2.542694492159025543e-01
3.000000000000000000e+05 1.958659562418729461e-01
4.000000000000000000e+05 1.530803985200483719e-01
5.000000000000000000e+05 1.249129523808618081e-01
6.000000000000000000e+05 1.034339818242971526e-01
8.000000000000000000e+05 7.237049471119165467e-02
1.000000000000000000e+06 5.623540928507246572e-02
