0.000000000000000000e+00 1.000000000000000000e+00
1.000000000000000000e+00 1.000000000000000000e+00
2.000000000000000000e+00 1.000000000000000000e+00
3.000000000000000000e+00 9.999310466434780942e-01
4.000000000000000000e+00 9.997931399304342825e-01
5.000000000000000000e+00 9.997931399304341715e-01
6.000000000000000000e+00 9.997586632521732186e-01
8.000000000000000000e+00 9.992759897565200999e-01
1.000000000000000000e+01 9.988277929391279342e-01
1.400000000000000000e+01 9.971384357043420188e-01
2.000000000000000000e+01 9.936218145217262654e-01
3.000000000000000000e+01 9.870367689738868133e-01
4.000000000000000000e+01 9.814170704173540427e-01
5.000000000000000000e+01 9.751078382956023249e-01
6.000000000000000000e+01 9.692123263129818200e-01
8.000000000000000000e+01 9.578350224868721341e-01
1.000000000000000000e+02 9.479057391477219152e-01
1.400000000000000000e+02 9.318740837563855850e-01
2.000000000000000000e+02 9.132911541737401828e-01
3.000000000000000000e+02 8.923293337910895850e-01
4.000000000000000000e+02 8.676095554779963415e-01
5.000000000000000000e+02 8.518192368344869037e-01
6.000000000000000000e+02 8.367874051127176527e-01
8.000000000000000000e+02 8.146189009909343692e-01
1.000000000000000000e+03 7.949671943821994269e-01
1.400000000000000000e+03 7.629038835995267664e-01
2.000000000000000000e+03 7.214973930081396425e-01
3.000000000000000000e+03 6.717130695993448475e-01
4.000000000000000000e+03 6.301341956166530700e-01
5.000000000000000000e+03 5.963815275991941611e-01
6.000000000000000000e+03 5.697655319817497288e-01
8.000000000000000000e+03 5.291175283121035688e-01
1.000000000000000000e+04 4.989504348337824302e-01
1.400000000000000000e+04 4.436153662249762153e-01
2.000000000000000000e+04 3.909005251640015333e-01
3.000000000000000000e+04 3.273600071290919677e-01
4.000000000000000000e+04 2.751278395637702934e-01
5.000000000000000000e+04 2.303081578245504690e-01
6.000000000000000000e+04 2.033129187462356657e-01
8.000000000000000000e+04 1.603205009548454851e-01
1.000000000000000000e+05 1.292570138417400427e-01
1.400000000000000000e+05 9.398737198080002464e-02
2.000000000000000000e+05 6.078633081551634842e-02
3.000000000000000000e+05 3.341184827633127130e-02
4.000000000000000000e+05 2.062100064152313020e-02
5.000000000000000000e+05 1.310508478063855502e-02
6.000000000000000000e+05 1.100200740672131576e-02
8.000000000000000000e+05 5.658122276275865704e-03
1.000000000000000000e+06 2.451791198008594803e-03
