0.000000000000000000e+00 1.000000000000000000e+00
1.000000000000000000e+00 1.000000000000000000e+00
2.000000000000000000e+00 1.000000000000000000e+00
3.000000000000000000e+00 9.999655233217390471e-01
4.000000000000000000e+00 9.998620932869560773e-01
5.000000000000000000e+00 9.997241865739123767e-01
6.000000000000000000e+00 9.996552332173904709e-01
8.000000000000000000e+00 9.988277929391278231e-01
1.000000000000000000e+01 9.982416894086918457e-01
1.400000000000000000e+01 9.954490784695561034e-01
2.000000000000000000e+01 9.910705403304167493e-01
3.000000000000000000e+01 9.853129350608398340e-01
4.000000000000000000e+01 9.765558587825615700e-01
5.000000000000000000e+01 9.700052899129836259e-01
6.000000000000000000e+01 9.665231454086286034e-01
8.000000000000000000e+01 9.539046811651256119e-01
1.000000000000000000e+02 9.464577186607626702e-01
1.400000000000000000e+02 9.318740837563858070e-01
2.000000000000000000e+02 9.174283555650524224e-01
3.000000000000000000e+02 8.968802553215333706e-01
4.000000000000000000e+02 8.798487762606296281e-01
5.000000000000000000e+02 8.702642597040887162e-01
6.000000000000000000e+02 8.603004996866773224e-01
8.000000000000000000e+02 8.428553004866430332e-01
1.000000000000000000e+03 8.306505563822705884e-01
1.400000000000000000e+03 8.121710568344078229e-01
2.000000000000000000e+03 7.995870692691651183e-01
3.000000000000000000e+03 7.772461817560770703e-01
4.000000000000000000e+03 7.705577061734552036e-01
5.000000000000000000e+03 7.615937698256110000e-01
6.000000000000000000e+03 7.537675638603776873e-01
8.000000000000000000e+03 7.492855956864558076e-01
1.000000000000000000e+04 7.357707378081682625e-01
1.400000000000000000e+04 7.254622110081475617e-01
2.000000000000000000e+04 7.092581722255065779e-01
3.000000000000000000e+04 6.779533483645745484e-01
4.000000000000000000e+04 6.609563459819317588e-01
5.000000000000000000e+04 6.360641842775341948e-01
6.000000000000000000e+04 6.196188087470667627e-01
8.000000000000000000e+04 6.006221590252897036e-01
1.000000000000000000e+05 5.832459131817767650e-01
1.400000000000000000e+05 5.469074942947477203e-01
2.000000000000000000e+05 5.001226418946542740e-01
3.000000000000000000e+05 4.540962764163015142e-01
4.000000000000000000e+05 4.177923342075334223e-01
5.000000000000000000e+05 3.759031701204932352e-01
6.000000000000000000e+05 3.541483861378411646e-01
8.000000000000000000e+05 3.187063608855964514e-01
1.000000000000000000e+06 2.758173731289891295e-01
1.399999066666666651e+06 2.251366560854096699e-01
1.999999866666666698e+06 1.783173270070553540e-01
3.000000333333333489e+06 1.222237714765085775e-01
4.000000466666666325e+06 9.088447093731558124e-02
5.000000400000000373e+06 6.912968695466345515e-02
5.999999099999999627e+06 5.530453897202715352e-02
8.000000599999999627e+06 3.372213838067971564e-02
1.000000033333333395e+07 2.658546598066546807e-02
