0.000000000000000000e+00 1.000000000000000000e+00
1.000000000000000000e+00 1.000000000000000000e+00
2.000000000000000000e+00 1.000000000000000000e+00
3.000000000000000000e+00 1.000000000000000000e+00
4.000000000000000000e+00 1.000000000000000000e+00
5.000000000000000000e+00 1.000000000000000000e+00
6.000000000000000000e+00 1.000000000000000000e+00
8.000000000000000000e+00 1.000000000000000000e+00
1.000000000000000000e+01 9.999624656486341134e-01
1.400000000000000000e+01 9.998873969459023403e-01
2.000000000000000000e+01 9.998123282431704562e-01
3.000000000000000000e+01 9.992493129726819356e-01
4.000000000000000000e+01 9.983860228912661006e-01
5.000000000000000000e+01 9.975602671612162631e-01
6.000000000000000000e+01 9.975227328098503765e-01
8.000000000000000000e+01 9.951580686737985237e-01
1.000000000000000000e+02 9.941071068355532558e-01
1.400000000000000000e+02 9.902786029962308278e-01
2.000000000000000000e+02 9.862624274000789670e-01
3.000000000000000000e+02 9.809325495061196332e-01
4.000000000000000000e+02 9.763158242881132542e-01
5.000000000000000000e+02 9.736133509897680893e-01
6.000000000000000000e+02 9.712862212050819011e-01
8.000000000000000000e+02 9.628409921477535383e-01
1.000000000000000000e+03 9.578489234160880716e-01
1.400000000000000000e+03 9.500793126833452229e-01
2.000000000000000000e+03 9.462508088440231280e-01
3.000000000000000000e+03 9.367546179484489421e-01
4.000000000000000000e+03 9.299233659998542567e-01
5.000000000000000000e+03 9.252315720791158826e-01
6.000000000000000000e+03 9.201269002933528673e-01
8.000000000000000000e+03 9.187756636441805069e-01
1.000000000000000000e+04 9.080408391535309542e-01
1.400000000000000000e+04 9.033115108814271377e-01
2.000000000000000000e+04 8.884854420918942841e-01
3.000000000000000000e+04 8.736593733023614305e-01
4.000000000000000000e+04 8.642757854608849044e-01
5.000000000000000000e+04 8.485864265899368819e-01
6.000000000000000000e+04 8.337228234490381418e-01
8.000000000000000000e+04 8.136794798196443912e-01
1.000000000000000000e+05 8.037704110590452311e-01
1.400000000000000000e+05 7.765204719673978184e-01
2.000000000000000000e+05 7.366214564654401942e-01
3.000000000000000000e+05 6.929690058268919151e-01
4.000000000000000000e+05 6.555472575150839143e-01
5.000000000000000000e+05 6.127956313093178009e-01
6.000000000000000000e+05 5.866341884072814317e-01
8.000000000000000000e+05 5.472606538244464414e-01
1.000000000000000000e+06 4.950879054258375267e-01
1.399999066666666651e+06 4.265501798316939097e-01
1.999999866666666698e+06 3.570365611020366314e-01
3.000000333333333489e+06 2.669916521752291327e-01
4.000000466666666325e+06 2.023950334745054369e-01
5.000000400000000373e+06 1.677508271637746240e-01
5.999999099999999627e+06 1.355088193404616337e-01
8.000000599999999627e+06 9.200650610737698409e-02
1.000000033333333395e+07 6.768424642227016674e-02
