0.000000000000000000e+00 1.000000000000000000e+00
1.000000000000000000e+00 9.764920000000002487e-01
2.000000000000000000e+00 9.663360000000003058e-01
3.000000000000000000e+00 9.640080000000001981e-01
4.000000000000000000e+00 9.622000000000001663e-01
5.000000000000000000e+00 9.612000000000000544e-01
6.000000000000000000e+00 9.607280000000001374e-01
8.000000000000000000e+00 9.593920000000001336e-01
1.000000000000000000e+01 9.583880000000003507e-01
1.400000000000000000e+01 9.563760000000003370e-01
2.000000000000000000e+01 9.537560000000003813e-01
3.000000000000000000e+01 9.485240000000002558e-01
4.000000000000000000e+01 9.463840000000002251e-01
5.000000000000000000e+01 9.434760000000005364e-01
6.000000000000000000e+01 9.421520000000003225e-01
8.000000000000000000e+01 9.385480000000001599e-01
1.000000000000000000e+02 9.332000000000002515e-01
1.400000000000000000e+02 9.267120000000000912e-01
2.000000000000000000e+02 9.209319999999999729e-01
3.000000000000000000e+02 9.142239999999999256e-01
4.000000000000000000e+02 9.084799999999999542e-01
5.000000000000000000e+02 9.039959999999997997e-01
6.000000000000000000e+02 9.007319999999998661e-01
8.000000000000000000e+02 8.894039999999999724e-01
1.000000000000000000e+03 8.830480000000001661e-01
1.400000000000000000e+03 8.725400000000000933e-01
2.000000000000000000e+03 8.608360000000001566e-01
3.000000000000000000e+03 8.510440000000007998e-01
4.000000000000000000e+03 8.424879999999996816e-01
5.000000000000000000e+03 8.364360000000005124e-01
6.000000000000000000e+03 8.301440000000006592e-01
8.000000000000000000e+03 8.289080000000000892e-01
1.000000000000000000e+04 8.258320000000004546e-01
1.400000000000000000e+04 8.082519999999999705e-01
2.000000000000000000e+04 7.953720000000003010e-01
3.000000000000000000e+04 7.729799999999994453e-01
4.000000000000000000e+04 7.590279999999994809e-01
5.000000000000000000e+04 7.493079999999989749e-01
6.000000000000000000e+04 7.373999999999997224e-01
8.000000000000000000e+04 7.246279999999999388e-01
1.000000000000000000e+05 7.013080000000004866e-01
1.400000000000000000e+05 6.746719999999998274e-01
2.000000000000000000e+05 6.454599999999999227e-01
3.000000000000000000e+05 5.885999999999996790e-01
4.000000000000000000e+05 5.564160000000000217e-01
5.000000000000000000e+05 5.120439999999997216e-01
6.000000000000000000e+05 4.800599999999997092e-01
8.000000000000000000e+05 4.190839999999999566e-01
1.000000000000000000e+06 3.758596000000000714e-01
1.400000000000000000e+06 2.955800000000000649e-01
2.000000000000000000e+06 2.121391999999998612e-01
3.000000000000000000e+06 1.139951999999999216e-01
4.000000000000000000e+06 5.900400000000000089e-02
5.000000000000000000e+06 3.259719999999994428e-02
6.000000000000000000e+06 1.848440000000000499e-02
8.000000000000000000e+06 7.063199999999995177e-03
1.000000000000000000e+07 2.110000000000000764e-03
1.400000000000000000e+07 -1.616800000000000919e-03
2.000000000000000000e+07 -2.301200000000002376e-03
3.000000000000000000e+07 -9.780000000000023050e-04
4.000000000000000000e+07 -5.494400000000005183e-03
5.000000000000000000e+07 -5.290400000000001525e-03
6.000000000000000000e+07 5.707999999999983703e-04
8.000000000000000000e+07 4.166399999999999791e-03
1.000000000000000000e+08 -1.078399999999999975e-03
1.400000000000000000e+08 1.127999999999998687e-04
2.000000000000000000e+08 -6.604000000000001145e-04
3.000000000000000000e+08 1.867999999999993093e-04
4.000000000000000000e+08 -4.174400000000002588e-03
5.000000000000000000e+08 -3.423200000000003410e-03
6.000000000000000000e+08 9.847999999999998682e-04
8.000000000000000000e+08 2.473200000000000485e-03
1.000000000000000000e+09 -4.327999999999998515e-03
