0.000000000000000000e+00 1.000000000000000000e+00
1.000000000000000000e+00 9.999323873939237606e-01
2.000000000000000000e+00 9.996281306665806277e-01
3.000000000000000000e+00 9.989858109088564087e-01
4.000000000000000000e+00 9.977687839994845431e-01
5.000000000000000000e+00 9.963151129688456731e-01
6.000000000000000000e+00 9.950642797564352993e-01
8.000000000000000000e+00 9.905680414523657662e-01
1.000000000000000000e+01 9.843814879963905806e-01
1.400000000000000000e+01 9.762003626611669427e-01
2.000000000000000000e+01 9.632187422945307498e-01
3.000000000000000000e+01 9.412446453197556018e-01
4.000000000000000000e+01 9.238682055581644015e-01
5.000000000000000000e+01 9.109203914945662728e-01
6.000000000000000000e+01 8.979049648248917936e-01
8.000000000000000000e+01 8.732263636070675128e-01
1.000000000000000000e+02 8.559175364515525519e-01
1.400000000000000000e+02 8.263370212932016345e-01
2.000000000000000000e+02 7.954380603163642149e-01
3.000000000000000000e+02 7.591977034595046581e-01
4.000000000000000000e+02 7.349247778781377027e-01
5.000000000000000000e+02 7.139648699945062571e-01
6.000000000000000000e+02 6.999690605367264729e-01
8.000000000000000000e+02 6.735325315609201891e-01
1.000000000000000000e+03 6.600438166487123670e-01
1.400000000000000000e+03 6.224512076703280217e-01
2.000000000000000000e+03 5.956090030580646344e-01
3.000000000000000000e+03 5.688006047488392003e-01
4.000000000000000000e+03 5.481449535925507766e-01
5.000000000000000000e+03 5.235339649808026241e-01
6.000000000000000000e+03 5.109242139475855815e-01
8.000000000000000000e+03 4.794843521221384686e-01
1.000000000000000000e+04 4.600795341782603076e-01
1.400000000000000000e+04 4.306342442320618136e-01
2.000000000000000000e+04 3.939205991326684142e-01
3.000000000000000000e+04 3.568688910028941508e-01
4.000000000000000000e+04 3.150504941447456186e-01
5.000000000000000000e+04 2.981473426256878723e-01
6.000000000000000000e+04 2.773902725602850339e-01
8.000000000000000000e+04 2.366874837023941469e-01
1.000000000000000000e+05 2.144091300002761991e-01
1.400000000000000000e+05 1.729964087785849647e-01
2.000000000000000000e+05 1.391562994374314910e-01
3.000000000000000000e+05 1.059923161570403699e-01
4.000000000000000000e+05 8.056997627237764970e-02
5.000000000000000000e+05 6.136799614672814457e-02
6.000000000000000000e+05 5.132752414440789474e-02
8.000000000000000000e+05 3.597946256510353019e-02
1.000000000000000000e+06 2.725743638126978605e-02
