0.000000000000000000e+00 1.000000000000000000e+00
1.000000000000000000e+00 9.976239999999990671e-01
2.000000000000000000e+00 9.962720000000001574e-01
3.000000000000000000e+00 9.949840000000000906e-01
4.000000000000000000e+00 9.937520000000000797e-01
5.000000000000000000e+00 9.926400000000001889e-01
6.000000000000000000e+00 9.914719999999992428e-01
8.000000000000000000e+00 9.890519999999999312e-01
1.000000000000000000e+01 9.871079999999999854e-01
1.400000000000000000e+01 9.835439999999999738e-01
2.000000000000000000e+01 9.795360000000004064e-01
3.000000000000000000e+01 9.738840000000013042e-01
4.000000000000000000e+01 9.696000000000007946e-01
5.000000000000000000e+01 9.666880000000007689e-01
6.000000000000000000e+01 9.644800000000014473e-01
8.000000000000000000e+01 9.610360000000018887e-01
1.000000000000000000e+02 9.585120000000010299e-01
1.400000000000000000e+02 9.552680000000015603e-01
2.000000000000000000e+02 9.511120000000009567e-01
3.000000000000000000e+02 9.451040000000004992e-01
4.000000000000000000e+02 9.391960000000000308e-01
5.000000000000000000e+02 9.342279999999993922e-01
6.000000000000000000e+02 9.289359999999995399e-01
8.000000000000000000e+02 9.203719999999988577e-01
1.000000000000000000e+03 9.120439999999989666e-01
1.400000000000000000e+03 8.978639999999995513e-01
2.000000000000000000e+03 8.801359999999998074e-01
3.000000000000000000e+03 8.554120000000006163e-01
4.000000000000000000e+03 8.342640000000002276e-01
5.000000000000000000e+03 8.147600000000002618e-01
6.000000000000000000e+03 7.960800000000002319e-01
8.000000000000000000e+03 7.603480000000002459e-01
1.000000000000000000e+04 7.268799999999994155e-01
1.400000000000000000e+04 6.660479999999996403e-01
2.000000000000000000e+04 5.870720000000001493e-01
3.000000000000000000e+04 4.773680000000001811e-01
4.000000000000000000e+04 3.905000000000001248e-01
5.000000000000000000e+04 3.217119999999998314e-01
6.000000000000000000e+04 2.604800000000001559e-01
8.000000000000000000e+04 1.736120000000001828e-01
1.000000000000000000e+05 1.158096000000000125e-01
1.400000000000000000e+05 5.227200000000002678e-02
2.000000000000000000e+05 1.563583999999999807e-02
3.000000000000000000e+05 1.991600000000001355e-03
4.000000000000000000e+05 3.199199999999997965e-04
5.000000000000000000e+05 7.799999999999999859e-06
6.000000000000000000e+05 0.000000000000000000e+00
8.000000000000000000e+05 0.000000000000000000e+00
1.000000000000000000e+06 0.000000000000000000e+00
1.400000000000000000e+06 0.000000000000000000e+00
2.000000000000000000e+06 0.000000000000000000e+00
3.000000000000000000e+06 0.000000000000000000e+00
4.000000000000000000e+06 0.000000000000000000e+00
5.000000000000000000e+06 0.000000000000000000e+00
6.000000000000000000e+06 0.000000000000000000e+00
8.000000000000000000e+06 0.000000000000000000e+00
1.000000000000000000e+07 0.000000000000000000e+00
1.400000000000000000e+07 0.000000000000000000e+00
2.000000000000000000e+07 0.000000000000000000e+00
3.000000000000000000e+07 0.000000000000000000e+00
4.000000000000000000e+07 0.000000000000000000e+00
5.000000000000000000e+07 0.000000000000000000e+00
6.000000000000000000e+07 0.000000000000000000e+00
8.000000000000000000e+07 0.000000000000000000e+00
1.000000000000000000e+08 0.000000000000000000e+00
1.400000000000000000e+08 0.000000000000000000e+00
2.000000000000000000e+08 0.000000000000000000e+00
3.000000000000000000e+08 0.000000000000000000e+00
4.000000000000000000e+08 0.000000000000000000e+00
5.000000000000000000e+08 0.000000000000000000e+00
6.000000000000000000e+08 0.000000000000000000e+00
8.000000000000000000e+08 0.000000000000000000e+00
1.000000000000000000e+09 0.000000000000000000e+00
