0.000000000000000000e+00 1.000000000000000000e+00
1.000000000000000000e+00 1.000000000000000000e+00
2.000000000000000000e+00 1.000000000000000000e+00
3.000000000000000000e+00 1.000000000000000000e+00
4.000000000000000000e+00 1.000000000000000000e+00
5.000000000000000000e+00 1.000000000000000000e+00
6.000000000000000000e+00 1.000000000000000000e+00
8.000000000000000000e+00 1.000000000000000000e+00
1.000000000000000000e+01 9.999624656486341134e-01
1.400000000000000000e+01 9.997747938918045696e-01
2.000000000000000000e+01 9.995120534322432526e-01
3.000000000000000000e+01 9.992117786213160491e-01
4.000000000000000000e+01 9.992493129726819356e-01
5.000000000000000000e+01 9.975978015125821496e-01
6.000000000000000000e+01 9.967720457825323122e-01
8.000000000000000000e+01 9.952331373765302969e-01
1.000000000000000000e+02 9.938443663759917168e-01
1.400000000000000000e+02 9.901284655907669485e-01
2.000000000000000000e+02 9.856243434268580073e-01
3.000000000000000000e+02 9.820961143984628938e-01
4.000000000000000000e+02 9.762407555853815921e-01
5.000000000000000000e+02 9.702352593668367442e-01
6.000000000000000000e+02 9.680207326362485487e-01
8.000000000000000000e+02 9.622404425258992422e-01
1.000000000000000000e+03 9.582993356324785994e-01
1.400000000000000000e+03 9.513554806297861433e-01
2.000000000000000000e+03 9.424973737074323621e-01
3.000000000000000000e+03 9.362291370293266413e-01
4.000000000000000000e+03 9.296230911889271642e-01
5.000000000000000000e+03 9.225290987807708287e-01
6.000000000000000000e+03 9.251940377277503291e-01
8.000000000000000000e+03 9.174244269950075914e-01
1.000000000000000000e+04 9.180625109682279961e-01
1.400000000000000000e+04 9.116816712360242825e-01
2.000000000000000000e+04 9.035742513409883436e-01
3.000000000000000000e+04 9.005339688803499776e-01
4.000000000000000000e+04 8.968931367978572045e-01
5.000000000000000000e+04 8.896114726328717692e-01
6.000000000000000000e+04 8.865711901722331811e-01
8.000000000000000000e+04 8.794771977640771787e-01
1.000000000000000000e+05 8.707316938958208352e-01
1.400000000000000000e+05 8.659648312723512431e-01
2.000000000000000000e+05 8.524524647806248634e-01
3.000000000000000000e+05 8.340981669626973405e-01
4.000000000000000000e+05 8.068482278710494837e-01
5.000000000000000000e+05 8.010304034093344017e-01
6.000000000000000000e+05 7.892070827290740276e-01
8.000000000000000000e+05 7.725418307226118442e-01
1.000000000000000000e+06 7.496458763894094934e-01
1.400000033333333209e+06 7.157523571059966061e-01
1.999998933333333349e+06 6.744645706035005128e-01
3.000000399999999907e+06 6.150852267426376585e-01
4.000001100000000093e+06 5.723711348882370986e-01
5.000000533333333209e+06 5.431694095255625854e-01
5.999999900000000373e+06 5.108147986481520464e-01
8.000000299999999814e+06 4.449420120009877078e-01
1.000000133333333395e+07 4.009892865515121696e-01
1.399999903333333321e+07 3.468647518818763209e-01
2.000000339999999851e+07 2.803914156128573532e-01
2.999998356666666642e+07 1.984163922297194349e-01
3.999999873333333433e+07 1.492088575890171964e-01
5.000000423333333433e+07 1.146772543323839877e-01
6.000002486666666716e+07 8.607607859156392316e-02
8.000006836666667461e+07 5.679928452615753270e-02
1.000001092000000030e+08 3.885786457325465099e-02
