0.000000000000000000e+00 1.000000000000000000e+00
1.000000000000000000e+00 1.000000000000000000e+00
2.000000000000000000e+00 9.999655233217390471e-01
3.000000000000000000e+00 9.999310466434780942e-01
4.000000000000000000e+00 9.998620932869560773e-01
5.000000000000000000e+00 9.997241865739123767e-01
6.000000000000000000e+00 9.994483731478248645e-01
8.000000000000000000e+00 9.989312229739106819e-01
1.000000000000000000e+01 9.982416894086919568e-01
1.400000000000000000e+01 9.960351819999923029e-01
2.000000000000000000e+01 9.922427473912887042e-01
3.000000000000000000e+01 9.838304378956196361e-01
4.000000000000000000e+01 9.770040555999538467e-01
5.000000000000000000e+01 9.705913934434192702e-01
6.000000000000000000e+01 9.647648348173208932e-01
8.000000000000000000e+01 9.557319451129550059e-01
1.000000000000000000e+02 9.454923716694565439e-01
1.400000000000000000e+02 9.315637936520373419e-01
2.000000000000000000e+02 9.126705739650432525e-01
3.000000000000000000e+02 8.938463076345705138e-01
4.000000000000000000e+02 8.800211596519341706e-01
5.000000000000000000e+02 8.670234519475602530e-01
6.000000000000000000e+02 8.550255679127539699e-01
8.000000000000000000e+02 8.436137874083834420e-01
1.000000000000000000e+03 8.349946178431489896e-01
1.400000000000000000e+03 8.141362274952811395e-01
2.000000000000000000e+03 7.983459088517714797e-01
3.000000000000000000e+03 7.817281499299990610e-01
4.000000000000000000e+03 7.728676436169377162e-01
5.000000000000000000e+03 7.666963182082298101e-01
6.000000000000000000e+03 7.635589404864846497e-01
8.000000000000000000e+03 7.571807550082109151e-01
1.000000000000000000e+04 7.521471599821138998e-01
1.400000000000000000e+04 7.445967674429685434e-01
2.000000000000000000e+04 7.465964147821024799e-01
3.000000000000000000e+04 7.292891222951117802e-01
4.000000000000000000e+04 7.283927286603273377e-01
5.000000000000000000e+04 7.159811244863896196e-01
6.000000000000000000e+04 7.156708343820409324e-01
8.000000000000000000e+04 7.098097990776816024e-01
1.000000000000000000e+05 7.009148160863596377e-01
1.400000000000000000e+05 6.925025065906903476e-01
2.000000000000000000e+05 6.734024268341303188e-01
3.000000000000000000e+05 6.576810615471425647e-01
4.000000000000000000e+05 6.480620683123407000e-01
5.000000000000000000e+05 6.435111467818970254e-01
6.000000000000000000e+05 6.277897814949091604e-01
8.000000000000000000e+05 6.132750999470542030e-01
1.000000000000000000e+06 5.942439735470160800e-01
1.400000000000000000e+06 5.713514591817531185e-01
2.000000000000000000e+06 5.635942065730418227e-01
3.000000000000000000e+06 5.323583360686315880e-01
4.000000000000000000e+06 4.986056680511729566e-01
5.000000000000000000e+06 4.721965325032941863e-01
6.000000000000000000e+06 4.624741092337094628e-01
8.000000000000000000e+06 4.138619928857865116e-01
1.000000000000000000e+07 3.916590120857421642e-01
1.400000000000000000e+07 3.440811960856471896e-01
2.000000000000000000e+07 2.955380330942458666e-01
3.000000000000000000e+07 2.451331294767539748e-01
4.000000000000000000e+07 2.093463374418998713e-01
5.000000000000000000e+07 1.759039595287896496e-01
6.000000000000000000e+07 1.468745964330795128e-01
8.000010000000000000e+07 1.097432139460488565e-01
1.000000000000000000e+08 8.409256531991071704e-02
