0.000000000000000000e+00 1.000000000000000000e+00
1.000000000000000000e+00 9.998985810908855854e-01
2.000000000000000000e+00 9.995605180605043882e-01
3.000000000000000000e+00 9.988843919997418830e-01
4.000000000000000000e+00 9.979716218177130393e-01
5.000000000000000000e+00 9.965517570901123445e-01
6.000000000000000000e+00 9.949628608473209956e-01
8.000000000000000000e+00 9.921569376951573371e-01
1.000000000000000000e+01 9.883706317548882625e-01
1.400000000000000000e+01 9.795809929649783587e-01
2.000000000000000000e+01 9.666331789013801190e-01
3.000000000000000000e+01 9.448281134417958471e-01
4.000000000000000000e+01 9.294124392564153680e-01
5.000000000000000000e+01 9.151123730712921178e-01
6.000000000000000000e+01 8.989191539160350519e-01
8.000000000000000000e+01 8.751533228802402808e-01
1.000000000000000000e+02 8.567626940275054892e-01
1.400000000000000000e+02 8.219083955952084519e-01
2.000000000000000000e+02 7.894881509816559229e-01
3.000000000000000000e+02 7.556818479435406521e-01
4.000000000000000000e+02 7.141677078127349754e-01
5.000000000000000000e+02 6.891172372614913222e-01
6.000000000000000000e+02 6.692391310750797073e-01
8.000000000000000000e+02 6.350609587035448422e-01
1.000000000000000000e+03 6.104161637887590697e-01
1.400000000000000000e+03 5.689358299609915681e-01
2.000000000000000000e+03 5.269484015876522154e-01
3.000000000000000000e+03 4.717765150294480625e-01
4.000000000000000000e+03 4.317498522323196530e-01
5.000000000000000000e+03 3.949685945268501808e-01
6.000000000000000000e+03 3.813446544024897689e-01
8.000000000000000000e+03 3.403038025142176015e-01
1.000000000000000000e+04 3.184649307515952099e-01
1.400000000000000000e+04 2.738744170443210280e-01
2.000000000000000000e+04 2.299262230947710650e-01
3.000000000000000000e+04 1.924350330255012453e-01
4.000000000000000000e+04 1.552819059866125395e-01
5.000000000000000000e+04 1.259380349495283768e-01
6.000000000000000000e+04 1.105899733702240678e-01
8.000000000000000000e+04 8.506621457644697459e-02
1.000000000000000000e+05 6.654036051155980125e-02
1.400000000000000000e+05 4.588470935527131506e-02
2.000000000000000000e+05 2.931962086659482131e-02
3.000000000000000000e+05 1.488432946931957969e-02
4.000000000000000000e+05 9.238676861954319905e-03
5.000000000000000000e+05 5.046695285228016900e-03
6.000000000000000000e+05 4.607213345732517028e-03
8.000000000000000000e+05 2.240772133064445563e-03
1.000000000000000000e+06 1.361808254073447553e-03
