0.000000000000000000e+00 1.000000000000000000e+00
1.000000000000000000e+00 9.718519999999997161e-01
2.000000000000000000e+00 9.664559999999996487e-01
3.000000000000000000e+00 9.615039999999998033e-01
4.000000000000000000e+00 9.594359999999997335e-01
5.000000000000000000e+00 9.579879999999996176e-01
6.000000000000000000e+00 9.562919999999995868e-01
8.000000000000000000e+00 9.549679999999995950e-01
1.000000000000000000e+01 9.521079999999996213e-01
1.400000000000000000e+01 9.515119999999995803e-01
2.000000000000000000e+01 9.503239999999998355e-01
3.000000000000000000e+01 9.446639999999995041e-01
4.000000000000000000e+01 9.398879999999995016e-01
5.000000000000000000e+01 9.379279999999994288e-01
6.000000000000000000e+01 9.336759999999996174e-01
8.000000000000000000e+01 9.297039999999996418e-01
1.000000000000000000e+02 9.254479999999998263e-01
1.400000000000000000e+02 9.233919999999999906e-01
2.000000000000000000e+02 9.168159999999999643e-01
3.000000000000000000e+02 9.092680000000001872e-01
4.000000000000000000e+02 9.028039999999997178e-01
5.000000000000000000e+02 8.953959999999997477e-01
6.000000000000000000e+02 8.933879999999999599e-01
8.000000000000000000e+02 8.819680000000000852e-01
1.000000000000000000e+03 8.752320000000002320e-01
1.400000000000000000e+03 8.587000000000002409e-01
2.000000000000000000e+03 8.458639999999999493e-01
3.000000000000000000e+03 8.431240000000005397e-01
4.000000000000000000e+03 8.244080000000003627e-01
5.000000000000000000e+03 8.153399999999999537e-01
6.000000000000000000e+03 8.082959999999996814e-01
8.000000000000000000e+03 7.941159999999997110e-01
1.000000000000000000e+04 7.894440000000000346e-01
1.400000000000000000e+04 7.686840000000000339e-01
2.000000000000000000e+04 7.426160000000001649e-01
3.000000000000000000e+04 7.018799999999999484e-01
4.000000000000000000e+04 6.573280000000005785e-01
5.000000000000000000e+04 6.291839999999998545e-01
6.000000000000000000e+04 5.935159999999998215e-01
8.000000000000000000e+04 5.330400000000000693e-01
1.000000000000000000e+05 4.862840000000001051e-01
1.400000000000000000e+05 4.037480000000001068e-01
2.000000000000000000e+05 3.086008000000000639e-01
3.000000000000000000e+05 1.930084000000001077e-01
4.000000000000000000e+05 1.139864000000000016e-01
5.000000000000000000e+05 7.608679999999995447e-02
6.000000000000000000e+05 4.694080000000002556e-02
8.000000000000000000e+05 2.023639999999999120e-02
1.000000000000000000e+06 9.919999999999948390e-05
1.400000000000000000e+06 -7.371200000000001362e-03
2.000000000000000000e+06 5.963999999999998599e-04
3.000000000000000000e+06 1.029599999999999006e-03
4.000000000000000000e+06 -3.880000000000003238e-03
5.000000000000000000e+06 -1.330000000000000236e-03
6.000000000000000000e+06 -1.284800000000000655e-03
8.000000000000000000e+06 -1.849600000000002024e-03
1.000000000000000000e+07 -6.635999999999999538e-03
1.400000000000000000e+07 -6.618399999999998243e-03
2.000000000000000000e+07 -1.140679999999999993e-02
3.000000000000000000e+07 -6.480799999999999235e-03
4.000000000000000000e+07 -1.720400000000000618e-03
5.000000000000000000e+07 -1.142400000000001531e-03
6.000000000000000000e+07 -3.052800000000004382e-03
8.000000000000000000e+07 -3.701600000000003238e-03
1.000000000000000000e+08 -8.258399999999997340e-03
1.400000000000000000e+08 -6.135599999999998867e-03
2.000000000000000000e+08 -7.769200000000002146e-03
3.000000000000000000e+08 -5.509600000000002516e-03
4.000000000000000000e+08 -1.019159999999999684e-02
5.000000000000000000e+08 -3.019999999999999681e-04
6.000000000000000000e+08 8.035999999999980659e-04
8.000000000000000000e+08 -5.776000000000001619e-03
1.000000000000000000e+09 -2.598800000000004405e-03
