0.000000000000000000e+00 1.000000000000000000e+00
1.000000000000000000e+00 9.728800000000003001e-01
2.000000000000000000e+00 9.648400000000001420e-01
3.000000000000000000e+00 9.602600000000002245e-01
4.000000000000000000e+00 9.580640000000001377e-01
5.000000000000000000e+00 9.578640000000001598e-01
6.000000000000000000e+00 9.565160000000001439e-01
8.000000000000000000e+00 9.543960000000000221e-01
1.000000000000000000e+01 9.534640000000002003e-01
1.400000000000000000e+01 9.513480000000000825e-01
2.000000000000000000e+01 9.466880000000001960e-01
3.000000000000000000e+01 9.414760000000003126e-01
4.000000000000000000e+01 9.379640000000002420e-01
5.000000000000000000e+01 9.346920000000001894e-01
6.000000000000000000e+01 9.326679999999999415e-01
8.000000000000000000e+01 9.267159999999998732e-01
1.000000000000000000e+02 9.236199999999999966e-01
1.400000000000000000e+02 9.162400000000003875e-01
2.000000000000000000e+02 9.085040000000000893e-01
3.000000000000000000e+02 8.979280000000005035e-01
4.000000000000000000e+02 8.934359999999998969e-01
5.000000000000000000e+02 8.828120000000001522e-01
6.000000000000000000e+02 8.767480000000000828e-01
8.000000000000000000e+02 8.606039999999999246e-01
1.000000000000000000e+03 8.432399999999999896e-01
1.400000000000000000e+03 8.146400000000000308e-01
2.000000000000000000e+03 7.747519999999997742e-01
3.000000000000000000e+03 7.064240000000003850e-01
4.000000000000000000e+03 6.638800000000001367e-01
5.000000000000000000e+03 6.166680000000004380e-01
6.000000000000000000e+03 5.763200000000000545e-01
8.000000000000000000e+03 4.938440000000003383e-01
1.000000000000000000e+04 4.288000000000000145e-01
1.400000000000000000e+04 3.269216000000000899e-01
2.000000000000000000e+04 2.043664000000000036e-01
3.000000000000000000e+04 1.022660000000000374e-01
4.000000000000000000e+04 5.422720000000000318e-02
5.000000000000000000e+04 2.762079999999997662e-02
6.000000000000000000e+04 1.161320000000000754e-02
8.000000000000000000e+04 -2.043200000000001092e-03
1.000000000000000000e+05 -3.026399999999999403e-03
1.400000000000000000e+05 -5.455200000000002061e-03
2.000000000000000000e+05 1.655999999999998619e-03
3.000000000000000000e+05 -1.093200000000001636e-03
4.000000000000000000e+05 1.279199999999997700e-03
5.000000000000000000e+05 -4.409200000000000272e-03
6.000000000000000000e+05 -4.681200000000002547e-03
8.000000000000000000e+05 -8.292000000000010734e-04
1.000000000000000000e+06 -1.596800000000001300e-03
1.400000000000000000e+06 -2.989200000000002619e-03
2.000000000000000000e+06 -1.762400000000002940e-03
3.000000000000000000e+06 -4.669600000000001180e-03
4.000000000000000000e+06 -6.396400000000000870e-03
5.000000000000000000e+06 2.003999999999975256e-04
6.000000000000000000e+06 -2.358800000000000740e-03
8.000000000000000000e+06 -7.507200000000001198e-03
1.000000000000000000e+07 -7.320000000000054599e-05
1.400000000000000000e+07 -2.076000000000000588e-03
2.000000000000000000e+07 -2.010400000000004198e-03
3.000000000000000000e+07 -4.139200000000000865e-03
4.000000000000000000e+07 -5.567599999999998939e-03
5.000000000000000000e+07 1.481199999999999791e-03
6.000000000000000000e+07 -6.177200000000000746e-03
8.000000000000000000e+07 5.046399999999999497e-03
1.000000000000000000e+08 2.887999999999997015e-04
1.400000000000000000e+08 -1.756000000000043225e-04
2.000000000000000000e+08 2.533599999999999134e-03
3.000000000000000000e+08 1.738799999999997162e-03
4.000000000000000000e+08 -1.795599999999999844e-03
5.000000000000000000e+08 -3.006800000000000445e-03
6.000000000000000000e+08 -9.816000000000006578e-04
8.000000000000000000e+08 -3.884000000000022851e-04
1.000000000000000000e+09 -4.776000000000000731e-03
