0.000000000000000000e+00 1.000000000000000000e+00
1.000000000000000000e+00 1.000000000000000000e+00
2.000000000000000000e+00 1.000000000000000000e+00
3.000000000000000000e+00 1.000000000000000000e+00
4.000000000000000000e+00 1.000000000000000000e+00
5.000000000000000000e+00 1.000000000000000000e+00
6.000000000000000000e+00 1.000000000000000000e+00
8.000000000000000000e+00 1.000000000000000000e+00
1.000000000000000000e+01 9.999624656486341134e-01
1.400000000000000000e+01 9.998873969459023403e-01
2.000000000000000000e+01 9.996246564863410233e-01
3.000000000000000000e+01 9.992117786213160491e-01
4.000000000000000000e+01 9.984235572426320982e-01
5.000000000000000000e+01 9.978230076207775801e-01
6.000000000000000000e+01 9.974101297557527168e-01
8.000000000000000000e+01 9.960588931065802454e-01
1.000000000000000000e+02 9.934690228623328512e-01
1.400000000000000000e+02 9.912169617803783250e-01
2.000000000000000000e+02 9.866377709137378327e-01
3.000000000000000000e+02 9.816832365334380306e-01
4.000000000000000000e+02 9.768037708558700016e-01
5.000000000000000000e+02 9.718117021242046460e-01
6.000000000000000000e+02 9.682459387444437571e-01
8.000000000000000000e+02 9.624656486340943395e-01
1.000000000000000000e+03 9.557469997395974248e-01
1.400000000000000000e+03 9.499291752778816766e-01
2.000000000000000000e+03 9.384436637599146147e-01
3.000000000000000000e+03 9.272959614042407539e-01
4.000000000000000000e+03 9.156978468321759213e-01
5.000000000000000000e+03 9.033490452327932463e-01
6.000000000000000000e+03 8.963301215273685729e-01
8.000000000000000000e+03 8.795147321154428433e-01
1.000000000000000000e+04 8.683670297597689824e-01
1.400000000000000000e+04 8.467472433730073300e-01
2.000000000000000000e+04 8.193847012272622576e-01
3.000000000000000000e+04 7.826010368886745505e-01
4.000000000000000000e+04 7.458924412528189496e-01
5.000000000000000000e+04 7.231841586764460317e-01
6.000000000000000000e+04 6.886900897711787373e-01
8.000000000000000000e+04 6.410214635364787084e-01
1.000000000000000000e+05 6.035997152246707076e-01
1.400000000000000000e+05 5.408798140922423947e-01
2.000000000000000000e+05 4.698272869565831567e-01
3.000000000000000000e+05 3.839111566800250674e-01
4.000000000000000000e+05 3.178882326273970715e-01
5.000000000000000000e+05 2.693938506626469831e-01
6.000000000000000000e+05 2.309962092153255986e-01
8.000000000000000000e+05 1.740190638418807612e-01
1.000000000000000000e+06 1.362219720164138670e-01
