0.000000000000000000e+00 1.000000000000000000e+00
1.000000000000000000e+00 1.000000000000000000e+00
2.000000000000000000e+00 1.000000000000000000e+00
3.000000000000000000e+00 1.000000000000000000e+00
4.000000000000000000e+00 1.000000000000000000e+00
5.000000000000000000e+00 1.000000000000000000e+00
6.000000000000000000e+00 1.000000000000000000e+00
8.000000000000000000e+00 1.000000000000000000e+00
1.000000000000000000e+01 1.000000000000000000e+00
1.400000000000000000e+01 9.999624656486341134e-01
2.000000000000000000e+01 9.998498625945363427e-01
3.000000000000000000e+01 9.992493129726819356e-01
4.000000000000000000e+01 9.988364351076570724e-01
5.000000000000000000e+01 9.984610915939978737e-01
6.000000000000000000e+01 9.978605419721434666e-01
8.000000000000000000e+01 9.963216335661415624e-01
1.000000000000000000e+02 9.936566946191621730e-01
1.400000000000000000e+02 9.911418930776465519e-01
2.000000000000000000e+02 9.863750304541762937e-01
3.000000000000000000e+02 9.807448777492902003e-01
4.000000000000000000e+02 9.752648624498679863e-01
5.000000000000000000e+02 9.686588166094686203e-01
6.000000000000000000e+02 9.635916791750714916e-01
8.000000000000000000e+02 9.535324730090088963e-01
1.000000000000000000e+03 9.464009462494865632e-01
1.400000000000000000e+03 9.312746026490270612e-01
2.000000000000000000e+03 9.117192055873899470e-01
3.000000000000000000e+03 8.853325565771583694e-01
4.000000000000000000e+03 8.596590602428787475e-01
5.000000000000000000e+03 8.333099455840131675e-01
6.000000000000000000e+03 8.158940065502328087e-01
8.000000000000000000e+03 7.831640521591632931e-01
1.000000000000000000e+04 7.535869832828294701e-01
1.400000000000000000e+04 6.996501203700231653e-01
2.000000000000000000e+04 6.410965322392104815e-01
3.000000000000000000e+04 5.661028982101309337e-01
4.000000000000000000e+04 5.060104016733160126e-01
5.000000000000000000e+04 4.451296837578172516e-01
6.000000000000000000e+04 4.039545003094186515e-01
8.000000000000000000e+04 3.283227823071188101e-01
1.000000000000000000e+05 2.789651102609529421e-01
1.400000000000000000e+05 2.124167052892022844e-01
2.000000000000000000e+05 1.477450178857468432e-01
3.000000000000000000e+05 8.615114729429575180e-02
4.000000000000000000e+05 5.330858984912831972e-02
5.000000000000000000e+05 3.371565843612558261e-02
6.000000000000000000e+05 2.669673473070122149e-02
8.000000000000000000e+05 1.254628426575480141e-02
1.000000000000000000e+06 4.138589559791937440e-03
