0.000000000000000000e+00 1.000000000000000000e+00
1.000000000000000000e+00 9.999323873939237606e-01
2.000000000000000000e+00 9.995267117574662130e-01
3.000000000000000000e+00 9.989520046058181224e-01
4.000000000000000000e+00 9.977349776964461459e-01
5.000000000000000000e+00 9.961122751506168438e-01
6.000000000000000000e+00 9.943543473926347298e-01
8.000000000000000000e+00 9.903652036341370479e-01
1.000000000000000000e+01 9.851590329662676115e-01
1.400000000000000000e+01 9.752199798730614155e-01
2.000000000000000000e+01 9.599733372028715905e-01
3.000000000000000000e+01 9.382358843493633360e-01
4.000000000000000000e+01 9.196424176784000482e-01
5.000000000000000000e+01 9.046324191294766726e-01
6.000000000000000000e+01 8.938820147633562696e-01
8.000000000000000000e+01 8.695752828789512501e-01
1.000000000000000000e+02 8.534834826328082658e-01
1.400000000000000000e+02 8.238353548683808869e-01
2.000000000000000000e+02 7.958099296497833652e-01
3.000000000000000000e+02 7.625107211572399457e-01
4.000000000000000000e+02 7.371221875756152064e-01
5.000000000000000000e+02 7.154185410251451271e-01
6.000000000000000000e+02 7.047019429620625663e-01
8.000000000000000000e+02 6.774540627133417425e-01
1.000000000000000000e+03 6.566293800418626647e-01
1.400000000000000000e+03 6.349595397944308717e-01
2.000000000000000000e+03 6.186987080330973443e-01
3.000000000000000000e+03 5.936482374818539132e-01
4.000000000000000000e+03 5.763732166293767945e-01
5.000000000000000000e+03 5.686991858397246746e-01
6.000000000000000000e+03 5.636958529900837345e-01
8.000000000000000000e+03 5.552780835335930920e-01
1.000000000000000000e+04 5.380706752871922127e-01
1.400000000000000000e+04 5.290443923760155265e-01
2.000000000000000000e+04 5.133582677663299787e-01
3.000000000000000000e+04 4.807013790315106672e-01
4.000000000000000000e+04 4.640348716337197033e-01
5.000000000000000000e+04 4.433792204774312795e-01
6.000000000000000000e+04 4.278283210798982106e-01
8.000000000000000000e+04 4.084235031360199941e-01
1.000000000000000000e+05 3.938529865265922303e-01
1.400000000000000000e+05 3.626497688224118998e-01
2.000000000000000000e+05 3.233330383890837822e-01
3.000000000000000000e+05 2.815146415309351946e-01
4.000000000000000000e+05 2.571402970404539357e-01
5.000000000000000000e+05 2.296557726704661628e-01
6.000000000000000000e+05 2.067689055136621434e-01
8.000000000000000000e+05 1.863498984786404467e-01
1.000000000000000000e+06 1.571750589567469658e-01
1.399999066666666651e+06 1.260732601616808557e-01
1.999999866666666698e+06 9.578281263952952151e-02
3.000000333333333489e+06 6.180747808622363837e-02
4.000000466666666325e+06 4.723696147679592311e-02
5.000000400000000373e+06 3.199031880660593158e-02
5.999999099999999627e+06 2.441770692606809803e-02
8.000000599999999627e+06 1.637180680299665098e-02
1.000000033333333395e+07 1.234885674146093092e-02
