0.000000000000000000e+00 1.000000000000000000e+00
1.000000000000000000e+00 1.000000000000000000e+00
2.000000000000000000e+00 1.000000000000000000e+00
3.000000000000000000e+00 1.000000000000000000e+00
4.000000000000000000e+00 1.000000000000000000e+00
5.000000000000000000e+00 1.000000000000000000e+00
6.000000000000000000e+00 1.000000000000000000e+00
8.000000000000000000e+00 1.000000000000000000e+00
1.000000000000000000e+01 1.000000000000000000e+00
1.400000000000000000e+01 1.000000000000000000e+00
2.000000000000000000e+01 9.998123282431704562e-01
3.000000000000000000e+01 9.992868473240478222e-01
4.000000000000000000e+01 9.985361602967297578e-01
5.000000000000000000e+01 9.978230076207775801e-01
6.000000000000000000e+01 9.968846488366300829e-01
8.000000000000000000e+01 9.953832747819938431e-01
1.000000000000000000e+02 9.935065572136987377e-01
1.400000000000000000e+02 9.904287404016945962e-01
2.000000000000000000e+02 9.859621525891513194e-01
3.000000000000000000e+02 9.806322746951924296e-01
4.000000000000000000e+02 9.759404807744542776e-01
5.000000000000000000e+02 9.716240303673752132e-01
6.000000000000000000e+02 9.686588166094688424e-01
8.000000000000000000e+02 9.633289387155101746e-01
1.000000000000000000e+03 9.593127631193585358e-01
1.400000000000000000e+03 9.535324730090087852e-01
2.000000000000000000e+03 9.453124500598752977e-01
3.000000000000000000e+03 9.356285874074719011e-01
4.000000000000000000e+03 9.320252896763449035e-01
5.000000000000000000e+03 9.254192438359454265e-01
6.000000000000000000e+03 9.232797858080890041e-01
8.000000000000000000e+03 9.158479842376395785e-01
1.000000000000000000e+04 9.099550910731921682e-01
1.400000000000000000e+04 9.058263124229426477e-01
2.000000000000000000e+04 8.932523047153645424e-01
3.000000000000000000e+04 8.857454344421833436e-01
4.000000000000000000e+04 8.788391137908568851e-01
5.000000000000000000e+04 8.688174419761599543e-01
6.000000000000000000e+04 8.608976938379537813e-01
8.000000000000000000e+04 8.487740983467664257e-01
1.000000000000000000e+05 8.402162662353399591e-01
1.400000000000000000e+05 8.158189378475009246e-01
2.000000000000000000e+05 7.845903575110674266e-01
3.000000000000000000e+05 7.501713573085321274e-01
4.000000000000000000e+05 7.164279754305830084e-01
5.000000000000000000e+05 6.885024180143493044e-01
6.000000000000000000e+05 6.637297461128515152e-01
8.000000000000000000e+05 6.254447077196277904e-01
1.000000000000000000e+06 5.887736464351379650e-01
1.400000000000000000e+06 5.269545697354914848e-01
1.999998933333333349e+06 4.516231265441187359e-01
3.000001033333333675e+06 3.720878359997648044e-01
4.000000733333333395e+06 3.054268279739165148e-01
5.000000333333333023e+06 2.563318963873118528e-01
6.000000166666666977e+06 2.291570259983961855e-01
8.000000766666666605e+06 1.712039874894379088e-01
1.000000146666666679e+07 1.439165140464244985e-01
1.400000253333333321e+07 9.876268935324002129e-02
1.999999139999999851e+07 5.848833033762328160e-02
2.999998283333333209e+07 2.609618510884672768e-02
3.999998716666666418e+07 1.337203999580472043e-02
5.000000693333333731e+07 4.063520857060127014e-03
6.000002636666666716e+07 5.189551398037295545e-03
8.000006763333332539e+07 4.101055208426033528e-03
1.000001142666666657e+08 2.562146802423903753e-03
