0.000000000000000000e+00 1.000000000000000000e+00
1.000000000000000000e+00 9.999323873939237606e-01
2.000000000000000000e+00 9.996619369696186919e-01
3.000000000000000000e+00 9.986815541815132757e-01
4.000000000000000000e+00 9.977687839994843211e-01
5.000000000000000000e+00 9.965179507870740583e-01
6.000000000000000000e+00 9.946586041199778627e-01
8.000000000000000000e+00 9.907370729675566423e-01
1.000000000000000000e+01 9.861394157543725836e-01
1.400000000000000000e+01 9.753890113882519586e-01
2.000000000000000000e+01 9.621369405973109190e-01
3.000000000000000000e+01 9.404332940468407287e-01
4.000000000000000000e+01 9.232934984065164219e-01
5.000000000000000000e+01 9.062889279783445939e-01
6.000000000000000000e+01 8.943553030058896125e-01
8.000000000000000000e+01 8.682230307574265726e-01
1.000000000000000000e+02 8.524692935416648965e-01
1.400000000000000000e+02 8.242072242018004813e-01
2.000000000000000000e+02 7.918207858912857944e-01
3.000000000000000000e+02 7.551409470949306257e-01
4.000000000000000000e+02 7.366827056361199277e-01
5.000000000000000000e+02 7.208613558142815680e-01
6.000000000000000000e+02 7.048033618711769810e-01
8.000000000000000000e+02 6.824573955629827937e-01
1.000000000000000000e+03 6.676502348322883584e-01
1.400000000000000000e+03 6.424307327658542732e-01
2.000000000000000000e+03 6.159265911839717500e-01
3.000000000000000000e+03 5.971640929978178081e-01
4.000000000000000000e+03 5.869207831772688122e-01
5.000000000000000000e+03 5.779959191752064296e-01
6.000000000000000000e+03 5.798214595392646720e-01
8.000000000000000000e+03 5.566641419581558337e-01
1.000000000000000000e+04 5.483815977138174480e-01
1.400000000000000000e+04 5.405385354089747851e-01
2.000000000000000000e+04 5.216746183137064286e-01
3.000000000000000000e+04 5.061237189161733596e-01
4.000000000000000000e+04 4.974354990353778150e-01
5.000000000000000000e+04 4.788082260613761298e-01
6.000000000000000000e+04 4.738048932117351897e-01
8.000000000000000000e+04 4.565298723592582375e-01
1.000000000000000000e+05 4.354009329604361378e-01
1.400000000000000000e+05 4.055161610747420875e-01
2.000000000000000000e+05 3.758342270072769220e-01
3.000000000000000000e+05 3.387487125744643168e-01
4.000000000000000000e+05 3.099795486890283280e-01
5.000000000000000000e+05 2.841177268648700238e-01
6.000000000000000000e+05 2.642734269814963621e-01
8.000000000000000000e+05 2.362818080659367659e-01
1.000000000000000000e+06 2.184658863648500371e-01
1.400000000000000000e+06 1.816508223563424729e-01
1.999998933333333349e+06 1.333416153148756778e-01
3.000001033333333675e+06 1.010904022165136362e-01
4.000000733333333395e+06 7.745979639287105256e-02
5.000000333333333023e+06 5.933961796444121861e-02
6.000000166666666977e+06 5.024572244718818886e-02
8.000000766666666605e+06 3.449198523142647105e-02
1.000000146666666679e+07 2.752788680557470904e-02
1.400000253333333321e+07 1.911011734908398679e-02
1.999999139999999851e+07 1.042189746828835542e-02
2.999998283333333209e+07 4.336762921427595764e-03
3.999998716666666418e+07 2.545028860407483069e-03
5.000000693333333731e+07 -3.285068978323190184e-04
6.000002636666666716e+07 2.123939507775264362e-04
8.000006763333332539e+07 1.361808254073446902e-03
1.000001142666666657e+08 -4.299258069466648175e-04
