0.000000000000000000e+00 1.000000000000000000e+00
1.000000000000000000e+00 9.998985810908855854e-01
2.000000000000000000e+00 9.994929054544281488e-01
3.000000000000000000e+00 9.986815541815130537e-01
4.000000000000000000e+00 9.976673650903700175e-01
5.000000000000000000e+00 9.962136940597312584e-01
6.000000000000000000e+00 9.942529284835202041e-01
8.000000000000000000e+00 9.907708792705947065e-01
1.000000000000000000e+01 9.868155418151348668e-01
1.400000000000000000e+01 9.767412635097765250e-01
2.000000000000000000e+01 9.616636523547776871e-01
3.000000000000000000e+01 9.408389696832982763e-01
4.000000000000000000e+01 9.234287236186689007e-01
5.000000000000000000e+01 9.093653015548128771e-01
6.000000000000000000e+01 8.945243345210801555e-01
8.000000000000000000e+01 8.734968140313722484e-01
1.000000000000000000e+02 8.545314780269896993e-01
1.400000000000000000e+02 8.247143187473719994e-01
2.000000000000000000e+02 7.895895698907702265e-01
3.000000000000000000e+02 7.571355189741796332e-01
4.000000000000000000e+02 7.316455664834405903e-01
5.000000000000000000e+02 7.113955909636094921e-01
6.000000000000000000e+02 7.002057046579934774e-01
8.000000000000000000e+02 6.779611572589133717e-01
1.000000000000000000e+03 6.610241994368176721e-01
1.400000000000000000e+03 6.418222193111681184e-01
2.000000000000000000e+03 6.159603974870099252e-01
3.000000000000000000e+03 6.005785296046675104e-01
4.000000000000000000e+03 5.846557608737152911e-01
5.000000000000000000e+03 5.768803111749486456e-01
6.000000000000000000e+03 5.690372488701057607e-01
8.000000000000000000e+03 5.697471812339063302e-01
1.000000000000000000e+04 5.605856731105770541e-01
1.400000000000000000e+04 5.521679036540864116e-01
2.000000000000000000e+04 5.410118236515082391e-01
3.000000000000000000e+04 5.358732655897147090e-01
4.000000000000000000e+04 5.351971395289525368e-01
5.000000000000000000e+04 5.213027489802870562e-01
6.000000000000000000e+04 5.259342124965089571e-01
8.000000000000000000e+04 5.088282231592224925e-01
1.000000000000000000e+05 4.986187196417117273e-01
1.400000000000000000e+05 4.903023690943353330e-01
2.000000000000000000e+05 4.755628209697170816e-01
3.000000000000000000e+05 4.470641075085858285e-01
4.000000000000000000e+05 4.197148083507505900e-01
5.000000000000000000e+05 4.187006192596071097e-01
6.000000000000000000e+05 4.019664992557400729e-01
8.000000000000000000e+05 3.847590910093393046e-01
1.000000000000000000e+06 3.575788233666946092e-01
1.400000033333333209e+06 3.264094119655522319e-01
1.999998933333333349e+06 2.901014425026164356e-01
3.000000399999999907e+06 2.358085198234031732e-01
4.000001100000000093e+06 2.077830946048055683e-01
5.000000533333333209e+06 1.911503935100528628e-01
5.999999900000000373e+06 1.746191113244144610e-01
8.000000299999999814e+06 1.371617275581826501e-01
1.000000133333333395e+07 1.180949726446856446e-01
1.399999903333333321e+07 9.169224997191757764e-02
2.000000339999999851e+07 7.083376099740042176e-02
2.999998356666666642e+07 4.480290765805163694e-02
3.999999873333333433e+07 3.144941795799607864e-02
5.000000423333333433e+07 2.113849553137090928e-02
6.000002486666666716e+07 1.451246013590031317e-02
8.000006836666667461e+07 9.711965104487935152e-03
1.000001092000000030e+08 7.818812134353474164e-03
