0.000000000000000000e+00 1.000000000000000000e+00
1.000000000000000000e+00 1.000000000000000000e+00
2.000000000000000000e+00 1.000000000000000000e+00
3.000000000000000000e+00 9.999310466434780942e-01
4.000000000000000000e+00 9.999310466434780942e-01
5.000000000000000000e+00 9.996897098956514238e-01
6.000000000000000000e+00 9.994483731478249755e-01
8.000000000000000000e+00 9.988277929391278231e-01
1.000000000000000000e+01 9.979658759826046666e-01
1.400000000000000000e+01 9.960007053217309059e-01
2.000000000000000000e+01 9.911394936869388772e-01
3.000000000000000000e+01 9.852784583825791032e-01
4.000000000000000000e+01 9.781073093043040068e-01
5.000000000000000000e+01 9.725220874260319670e-01
6.000000000000000000e+01 9.671437256173257557e-01
8.000000000000000000e+01 9.591106595825268366e-01
1.000000000000000000e+02 9.479746925042440431e-01
1.400000000000000000e+02 9.327015240346483438e-01
2.000000000000000000e+02 9.150149880867869401e-01
3.000000000000000000e+02 8.957770016171832106e-01
4.000000000000000000e+02 8.798142995823687862e-01
5.000000000000000000e+02 8.678853689040838537e-01
6.000000000000000000e+02 8.591282926258055896e-01
8.000000000000000000e+02 8.452341912866472295e-01
1.000000000000000000e+03 8.316159033735769368e-01
1.400000000000000000e+03 8.151015744865875989e-01
2.000000000000000000e+03 7.984838155648152913e-01
3.000000000000000000e+03 7.839346573386991590e-01
4.000000000000000000e+03 7.740743273560706239e-01
5.000000000000000000e+03 7.688338722604081132e-01
6.000000000000000000e+03 7.594217390951720770e-01
8.000000000000000000e+03 7.531125069734200261e-01
1.000000000000000000e+04 7.454586843994918111e-01
1.400000000000000000e+04 7.416317731125275925e-01
2.000000000000000000e+04 7.336676604342506902e-01
3.000000000000000000e+04 7.191185022081347800e-01
4.000000000000000000e+04 7.131885135472535442e-01
5.000000000000000000e+04 7.080514884863738923e-01
6.000000000000000000e+04 7.009837694428814325e-01
8.000000000000000000e+04 6.902270458254686769e-01
1.000000000000000000e+05 6.866759479645917486e-01
1.400000000000000000e+05 6.620595996862818078e-01
2.000000000000000000e+05 6.477173015297315040e-01
3.000000000000000000e+05 6.132061465905321862e-01
4.000000000000000000e+05 5.929338597731003135e-01
5.000000000000000000e+05 5.798671987122047122e-01
6.000000000000000000e+05 5.556645705730259843e-01
8.000000000000000000e+05 5.226014361207860226e-01
1.000000000000000000e+06 4.996054917207402024e-01
1.399998866666666698e+06 4.492005881032483661e-01
1.999999000000000000e+06 4.086215377901238344e-01
3.000000766666666605e+06 3.364273735117188635e-01
4.000000433333333582e+06 2.971239602942491453e-01
5.000001000000000000e+06 2.570965368332996381e-01
5.999999666666666977e+06 2.291014740854176446e-01
8.000001033333333209e+06 1.954177594244808358e-01
1.000000146666666679e+07 1.657333394418128436e-01
1.400000450000000000e+07 1.247750456678180103e-01
2.000000030000000075e+07 8.712651300687329625e-02
2.999997806666666642e+07 5.178791778941142093e-02
3.999998896666666120e+07 3.420481187633285514e-02
5.000001210000000149e+07 2.606831580675139648e-02
6.000002743333333731e+07 2.000042043282623111e-02
8.000007256666667759e+07 7.968059719758734810e-03
1.000001159000000060e+08 6.864806015408709237e-03
