0.000000000000000000e+00 1.000000000000000000e+00
1.000000000000000000e+00 1.000000000000000000e+00
2.000000000000000000e+00 1.000000000000000000e+00
3.000000000000000000e+00 1.000000000000000000e+00
4.000000000000000000e+00 1.000000000000000000e+00
5.000000000000000000e+00 1.000000000000000000e+00
6.000000000000000000e+00 1.000000000000000000e+00
8.000000000000000000e+00 1.000000000000000000e+00
1.000000000000000000e+01 1.000000000000000000e+00
1.400000000000000000e+01 9.999249312972682269e-01
2.000000000000000000e+01 9.998123282431704562e-01
3.000000000000000000e+01 9.994369847295114795e-01
4.000000000000000000e+01 9.983109541885344385e-01
5.000000000000000000e+01 9.978980763235093532e-01
6.000000000000000000e+01 9.972224579989231730e-01
8.000000000000000000e+01 9.952706717278961834e-01
1.000000000000000000e+02 9.933188854568691939e-01
1.400000000000000000e+02 9.906914808612560241e-01
2.000000000000000000e+02 9.866377709137378327e-01
3.000000000000000000e+02 9.796188472083130483e-01
4.000000000000000000e+02 9.763908929908452494e-01
5.000000000000000000e+02 9.721495112864977362e-01
6.000000000000000000e+02 9.707982746373252647e-01
8.000000000000000000e+02 9.650930532297077313e-01
1.000000000000000000e+03 9.593127631193584248e-01
1.400000000000000000e+03 9.514305493325179164e-01
2.000000000000000000e+03 9.457253279249002720e-01
3.000000000000000000e+03 9.362666713806920837e-01
4.000000000000000000e+03 9.313496713517588343e-01
5.000000000000000000e+03 9.263576026200932567e-01
6.000000000000000000e+03 9.244808850517977072e-01
8.000000000000000000e+03 9.176120987518374683e-01
1.000000000000000000e+04 9.142715414802717877e-01
1.400000000000000000e+04 9.063893276934315013e-01
2.000000000000000000e+04 9.002336940694229961e-01
3.000000000000000000e+04 8.929520299044372278e-01
4.000000000000000000e+04 8.894988695787738875e-01
5.000000000000000000e+04 8.875095489563806783e-01
6.000000000000000000e+04 8.798150069263702688e-01
8.000000000000000000e+04 8.740347168160206293e-01
1.000000000000000000e+05 8.728336175723115931e-01
1.400000000000000000e+05 8.531280831052110436e-01
2.000000000000000000e+05 8.402913349380713992e-01
3.000000000000000000e+05 8.202855256600438683e-01
4.000000000000000000e+05 8.010679377607000662e-01
5.000000000000000000e+05 7.890944796749762569e-01
6.000000000000000000e+05 7.729547085876365964e-01
8.000000000000000000e+05 7.447288763604758000e-01
1.000000000000000000e+06 7.248732044879118153e-01
1.399998866666666698e+06 6.820840439307793712e-01
1.999999000000000000e+06 6.344529520474452289e-01
3.000000766666666605e+06 5.633253562090541067e-01
4.000000433333333582e+06 5.155816612716220826e-01
5.000001000000000000e+06 4.579664319249570070e-01
5.999999666666666977e+06 4.261748363180348775e-01
8.000001033333333209e+06 3.739645535680601318e-01
1.000000146666666679e+07 3.336901945524434199e-01
1.400000450000000000e+07 2.638387666604929960e-01
2.000000030000000075e+07 1.999553006357216722e-01
2.999997806666666642e+07 1.308170254197234539e-01
3.999998896666666120e+07 8.656402515932069830e-02
5.000001210000000149e+07 6.738397161134292157e-02
6.000002743333333731e+07 5.128173487536941827e-02
8.000007256666667759e+07 2.635892556840807241e-02
1.000001159000000060e+08 1.896465834932465830e-02
