0.000000000000000000e+00 1.000000000000000000e+00
1.000000000000000000e+00 1.000000000000000000e+00
2.000000000000000000e+00 1.000000000000000000e+00
3.000000000000000000e+00 1.000000000000000000e+00
4.000000000000000000e+00 1.000000000000000000e+00
5.000000000000000000e+00 1.000000000000000000e+00
6.000000000000000000e+00 1.000000000000000000e+00
8.000000000000000000e+00 1.000000000000000000e+00
1.000000000000000000e+01 1.000000000000000000e+00
1.400000000000000000e+01 9.999624656486341134e-01
2.000000000000000000e+01 9.998873969459023403e-01
3.000000000000000000e+01 9.992868473240478222e-01
4.000000000000000000e+01 9.984235572426319871e-01
5.000000000000000000e+01 9.975978015125821496e-01
6.000000000000000000e+01 9.960964274579461319e-01
8.000000000000000000e+01 9.941821755382850290e-01
1.000000000000000000e+02 9.930561449973078769e-01
1.400000000000000000e+02 9.893777785634492172e-01
2.000000000000000000e+02 9.854366716700290185e-01
3.000000000000000000e+02 9.794311754514837265e-01
4.000000000000000000e+02 9.748519845848429011e-01
5.000000000000000000e+02 9.704979998263980612e-01
6.000000000000000000e+02 9.658812746083919043e-01
8.000000000000000000e+02 9.626908547422898810e-01
1.000000000000000000e+03 9.590875570111628834e-01
1.400000000000000000e+03 9.509801371161274997e-01
2.000000000000000000e+03 9.440738164648003750e-01
3.000000000000000000e+03 9.338644728932744554e-01
4.000000000000000000e+03 9.307866560812702028e-01
5.000000000000000000e+03 9.285721293506815632e-01
6.000000000000000000e+03 9.250814346736524474e-01
8.000000000000000000e+03 9.172367552381780476e-01
1.000000000000000000e+04 9.177622361573003484e-01
1.400000000000000000e+04 9.126200300201716686e-01
2.000000000000000000e+04 9.092044040458743259e-01
3.000000000000000000e+04 8.970057398519550862e-01
4.000000000000000000e+04 8.970808085546867483e-01
5.000000000000000000e+04 8.915632589038988698e-01
6.000000000000000000e+04 8.893487321733102302e-01
8.000000000000000000e+04 8.845443351984741964e-01
1.000000000000000000e+05 8.779758237094408280e-01
1.400000000000000000e+05 8.691177167870870468e-01
2.000000000000000000e+05 8.571817930527289020e-01
3.000000000000000000e+05 8.449080601560780002e-01
4.000000000000000000e+05 8.395781822621194435e-01
5.000000000000000000e+05 8.340230982599654563e-01
6.000000000000000000e+05 8.216742966605823373e-01
8.000000000000000000e+05 8.104890599535424789e-01
1.000000000000000000e+06 7.900703728104898627e-01
1.400000000000000000e+06 7.738930673717844266e-01
2.000000000000000000e+06 7.599678230150336278e-01
3.000000000000000000e+06 7.374472121954899206e-01
4.000000000000000000e+06 7.039290364257363430e-01
5.000000000000000000e+06 6.812207538493633141e-01
6.000000000000000000e+06 6.686467461417849867e-01
8.000000000000000000e+06 6.238307306108937800e-01
1.000000000000000000e+07 6.025487533864253287e-01
1.400000000000000000e+07 5.519899820965504800e-01
2.000000000000000000e+07 4.929109130466148847e-01
3.000000000000000000e+07 4.290274470218436997e-01
4.000000000000000000e+07 3.882651414384701849e-01
5.000000000000000000e+07 3.414598052851858245e-01
6.000000000000000000e+07 3.009227058100076846e-01
8.000010000000000000e+07 2.367014306229432152e-01
1.000000000000000000e+08 1.933117204439563364e-01
