0.000000000000000000e+00 1.000000000000000000e+00
1.000000000000000000e+00 9.977599999999990921e-01
2.000000000000000000e+00 9.960719999999997354e-01
3.000000000000000000e+00 9.947040000000003657e-01
4.000000000000000000e+00 9.933120000000001948e-01
5.000000000000000000e+00 9.921039999999993197e-01
6.000000000000000000e+00 9.908879999999992139e-01
8.000000000000000000e+00 9.887000000000000233e-01
1.000000000000000000e+01 9.867240000000000455e-01
1.400000000000000000e+01 9.834480000000009881e-01
2.000000000000000000e+01 9.791240000000003274e-01
3.000000000000000000e+01 9.734040000000007131e-01
4.000000000000000000e+01 9.695680000000007626e-01
5.000000000000000000e+01 9.662280000000014191e-01
6.000000000000000000e+01 9.638680000000009462e-01
8.000000000000000000e+01 9.603840000000012367e-01
1.000000000000000000e+02 9.581000000000010619e-01
1.400000000000000000e+02 9.549039999999999750e-01
2.000000000000000000e+02 9.512840000000005736e-01
3.000000000000000000e+02 9.462520000000003151e-01
4.000000000000000000e+02 9.412599999999998746e-01
5.000000000000000000e+02 9.371719999999996720e-01
6.000000000000000000e+02 9.335439999999999294e-01
8.000000000000000000e+02 9.269600000000000062e-01
1.000000000000000000e+03 9.212959999999990046e-01
1.400000000000000000e+03 9.120599999999995378e-01
2.000000000000000000e+03 9.012719999999996290e-01
3.000000000000000000e+03 8.892879999999997453e-01
4.000000000000000000e+03 8.805279999999999774e-01
5.000000000000000000e+03 8.736759999999998971e-01
6.000000000000000000e+03 8.677200000000004909e-01
8.000000000000000000e+03 8.579079999999998929e-01
1.000000000000000000e+04 8.491840000000004940e-01
1.400000000000000000e+04 8.342240000000000766e-01
2.000000000000000000e+04 8.170319999999997584e-01
3.000000000000000000e+04 7.946120000000008732e-01
4.000000000000000000e+04 7.784080000000005439e-01
5.000000000000000000e+04 7.655319999999996572e-01
6.000000000000000000e+04 7.550120000000004605e-01
8.000000000000000000e+04 7.379119999999995683e-01
1.000000000000000000e+05 7.249959999999995297e-01
1.400000000000000000e+05 7.032399999999996432e-01
2.000000000000000000e+05 6.774239999999994710e-01
3.000000000000000000e+05 6.442560000000007170e-01
4.000000000000000000e+05 6.145559999999997691e-01
5.000000000000000000e+05 5.918559999999997157e-01
6.000000000000000000e+05 5.708439999999993519e-01
8.000000000000000000e+05 5.351399999999999491e-01
1.000000000000000000e+06 5.022919999999999607e-01
1.400000000000000000e+06 4.474000000000001864e-01
2.000000000000000000e+06 3.851600000000000579e-01
3.000000000000000000e+06 3.010119999999998908e-01
4.000000000000000000e+06 2.345503999999998535e-01
5.000000000000000000e+06 1.818487999999999494e-01
6.000000000000000000e+06 1.428403999999999230e-01
8.000000000000000000e+06 8.667148000000005070e-02
1.000000000000000000e+07 5.258212000000000302e-02
1.400000000000000000e+07 1.881164000000000794e-02
2.000000000000000000e+07 4.428919999999998518e-03
3.000000000000000000e+07 5.547200000000000828e-04
4.000000000000000000e+07 1.953199999999999934e-04
5.000000000000000000e+07 8.584000000000000484e-05
6.000000000000000000e+07 0.000000000000000000e+00
8.000000000000000000e+07 0.000000000000000000e+00
1.000000000000000000e+08 0.000000000000000000e+00
1.400000000000000000e+08 0.000000000000000000e+00
2.000000000000000000e+08 0.000000000000000000e+00
3.000000000000000000e+08 0.000000000000000000e+00
4.000000000000000000e+08 0.000000000000000000e+00
5.000000000000000000e+08 0.000000000000000000e+00
6.000000000000000000e+08 0.000000000000000000e+00
8.000000000000000000e+08 0.000000000000000000e+00
1.000000000000000000e+09 0.000000000000000000e+00
