0.000000000000000000e+00 1.000000000000000000e+00
1.000000000000000000e+00 9.998309684848093459e-01
2.000000000000000000e+00 9.996619369696186919e-01
3.000000000000000000e+00 9.986139415754371473e-01
4.000000000000000000e+00 9.974307209691031240e-01
5.000000000000000000e+00 9.961460814536547970e-01
6.000000000000000000e+00 9.941853158774441868e-01
8.000000000000000000e+00 9.900947532098324233e-01
1.000000000000000000e+01 9.859703842391822626e-01
1.400000000000000000e+01 9.748819168426802184e-01
2.000000000000000000e+01 9.607846884757863526e-01
3.000000000000000000e+01 9.398585868951927491e-01
4.000000000000000000e+01 9.221778904062585269e-01
5.000000000000000000e+01 9.081482746454407895e-01
6.000000000000000000e+01 8.967893568246337876e-01
8.000000000000000000e+01 8.760322867592310603e-01
1.000000000000000000e+02 8.523340683295121956e-01
1.400000000000000000e+02 8.263708275962398098e-01
2.000000000000000000e+02 7.916855606791332045e-01
3.000000000000000000e+02 7.605161492779910493e-01
4.000000000000000000e+02 7.356347102419381612e-01
5.000000000000000000e+02 7.154861536312213666e-01
6.000000000000000000e+02 7.016593756886321254e-01
8.000000000000000000e+02 6.844519674422315791e-01
1.000000000000000000e+03 6.636272847707526124e-01
1.400000000000000000e+03 6.364808234311457591e-01
2.000000000000000000e+03 6.136953751834561821e-01
3.000000000000000000e+03 6.016603313018870081e-01
4.000000000000000000e+03 5.892872243899368589e-01
5.000000000000000000e+03 5.858727877830873787e-01
6.000000000000000000e+03 5.719107846283455476e-01
8.000000000000000000e+03 5.645410105660365607e-01
1.000000000000000000e+04 5.606532857166534045e-01
1.400000000000000000e+04 5.565965293520794832e-01
2.000000000000000000e+04 5.431754270459474565e-01
3.000000000000000000e+04 5.276921402544909601e-01
4.000000000000000000e+04 5.202547535861056227e-01
5.000000000000000000e+04 5.150147766151975670e-01
6.000000000000000000e+04 5.092000924926418648e-01
8.000000000000000000e+04 5.029121201275522646e-01
1.000000000000000000e+05 4.956775712773957010e-01
1.400000000000000000e+05 4.668407947858834173e-01
2.000000000000000000e+05 4.574426425412872477e-01
3.000000000000000000e+05 4.296200551409184998e-01
4.000000000000000000e+05 4.053809358625895531e-01
5.000000000000000000e+05 3.963884592544510421e-01
6.000000000000000000e+05 3.729944975520752548e-01
8.000000000000000000e+05 3.458818425155067433e-01
1.000000000000000000e+06 3.231978131769313589e-01
1.399998866666666698e+06 2.834754071071457493e-01
1.999999000000000000e+06 2.520017389786604611e-01
3.000000766666666605e+06 1.979792667237521842e-01
4.000000433333333582e+06 1.731316339907373880e-01
5.000001000000000000e+06 1.435173125293483509e-01
5.999999666666666977e+06 1.280340257378915492e-01
8.000001033333333209e+06 1.066008296117264414e-01
1.000000146666666679e+07 8.584375954632365857e-02
1.400000450000000000e+07 6.424153190496796617e-02
2.000000030000000075e+07 4.463387614286106614e-02
2.999997806666666642e+07 2.658131032050747855e-02
3.999998896666666120e+07 1.627038789388230919e-02
5.000001210000000149e+07 1.211221262019412243e-02
6.000002743333333731e+07 8.089262558658398897e-03
8.000007256666667759e+07 3.052123405979213257e-03
1.000001159000000060e+08 3.018317102941098749e-03
