0.000000000000000000e+00 1.000000000000000000e+00
1.000000000000000000e+00 1.000000000000000000e+00
2.000000000000000000e+00 1.000000000000000000e+00
3.000000000000000000e+00 1.000000000000000000e+00
4.000000000000000000e+00 9.999310466434780942e-01
5.000000000000000000e+00 9.997586632521733296e-01
6.000000000000000000e+00 9.993104664347811639e-01
8.000000000000000000e+00 9.988622696173887761e-01
1.000000000000000000e+01 9.980003526608653974e-01
1.400000000000000000e+01 9.961041353565137646e-01
2.000000000000000000e+01 9.922772240695495460e-01
3.000000000000000000e+01 9.852439817043181502e-01
4.000000000000000000e+01 9.780038792695209260e-01
5.000000000000000000e+01 9.711774969738552477e-01
6.000000000000000000e+01 9.644200680347114751e-01
8.000000000000000000e+01 9.543528779825173336e-01
1.000000000000000000e+02 9.458716151303264708e-01
1.400000000000000000e+02 9.293228095650765130e-01
2.000000000000000000e+02 9.127050506433040944e-01
3.000000000000000000e+02 8.918811369736973083e-01
4.000000000000000000e+02 8.814691801388937487e-01
5.000000000000000000e+02 8.681611823301714770e-01
6.000000000000000000e+02 8.602660230084164805e-01
8.000000000000000000e+02 8.477509887996957927e-01
1.000000000000000000e+03 8.328915404692315283e-01
1.400000000000000000e+03 8.195835426605095897e-01
2.000000000000000000e+03 7.993457325213386699e-01
3.000000000000000000e+03 7.840380873734819067e-01
4.000000000000000000e+03 7.725228768343287422e-01
5.000000000000000000e+03 7.692131157212784842e-01
6.000000000000000000e+03 7.641105673386595631e-01
8.000000000000000000e+03 7.487684455125417360e-01
1.000000000000000000e+04 7.399079391994806132e-01
1.400000000000000000e+04 7.307716194603322002e-01
2.000000000000000000e+04 7.160500778429114144e-01
3.000000000000000000e+04 7.012595828689687227e-01
4.000000000000000000e+04 6.939505270776500367e-01
5.000000000000000000e+04 6.741609137558711717e-01
6.000000000000000000e+04 6.656106975471587361e-01
8.000000000000000000e+04 6.476828248514705511e-01
1.000000000000000000e+05 6.291343719470855467e-01
1.400000000000000000e+05 5.963125742426723663e-01
2.000000000000000000e+05 5.600086320339040524e-01
3.000000000000000000e+05 5.212223689903483503e-01
4.000000000000000000e+05 4.835738363294038722e-01
5.000000000000000000e+05 4.528895926771687730e-01
6.000000000000000000e+05 4.283766744336414134e-01
8.000000000000000000e+05 3.900041315292170352e-01
1.000000000000000000e+06 3.609058150769852147e-01
1.400000000000000000e+06 3.073290570594868765e-01
1.999998933333333349e+06 2.423405185376178717e-01
3.000001033333333675e+06 1.877639368505524819e-01
4.000000733333333395e+06 1.465298296504701503e-01
5.000000333333333023e+06 1.178797100156303429e-01
6.000000166666666977e+06 1.022617747634252533e-01
8.000000766666666605e+06 7.147410107640725374e-02
1.000000146666666679e+07 5.620093260681154057e-02
1.400000253333333321e+07 3.906602351112516830e-02
1.999999139999999851e+07 2.155187095456845975e-02
2.999998283333333209e+07 1.034695051976348805e-02
3.999998716666666418e+07 5.416785528449296824e-03
5.000000693333333731e+07 1.934641024094518446e-03
6.000002636666666716e+07 1.245107458875751704e-03
8.000006763333332539e+07 1.486444206702319934e-03
1.000001142666666657e+08 -5.476798106930450558e-04
