0.000000000000000000e+00 1.000000000000000000e+00
1.000000000000000000e+00 9.999323873939237606e-01
2.000000000000000000e+00 9.996281306665806277e-01
3.000000000000000000e+00 9.989181983027801692e-01
4.000000000000000000e+00 9.980730407268272319e-01
5.000000000000000000e+00 9.960446625445407154e-01
6.000000000000000000e+00 9.942867347865587124e-01
8.000000000000000000e+00 9.901961721189463939e-01
1.000000000000000000e+01 9.849900014510768465e-01
1.400000000000000000e+01 9.763355878733191995e-01
2.000000000000000000e+01 9.608523010818624810e-01
3.000000000000000000e+01 9.380330465311346178e-01
4.000000000000000000e+01 9.217384084667632482e-01
5.000000000000000000e+01 9.055113830084676740e-01
6.000000000000000000e+01 8.915493798537262871e-01
8.000000000000000000e+01 8.714008232430091594e-01
1.000000000000000000e+02 8.523340683295120845e-01
1.400000000000000000e+02 8.239367737774954126e-01
2.000000000000000000e+02 7.941534208009158879e-01
3.000000000000000000e+02 7.582511269744373061e-01
4.000000000000000000e+02 7.342486518173755305e-01
5.000000000000000000e+02 7.174807255104701520e-01
6.000000000000000000e+02 7.026397584767375415e-01
8.000000000000000000e+02 6.803952110776577689e-01
1.000000000000000000e+03 6.677854600444407263e-01
1.400000000000000000e+03 6.390839087650808104e-01
2.000000000000000000e+03 6.198819286394313677e-01
3.000000000000000000e+03 6.009842052411248359e-01
4.000000000000000000e+03 5.851628554192866982e-01
5.000000000000000000e+03 5.740405817197469229e-01
6.000000000000000000e+03 5.737363249924040121e-01
8.000000000000000000e+03 5.688344110518772645e-01
1.000000000000000000e+04 5.640339160204648206e-01
1.400000000000000000e+04 5.547709889880212408e-01
2.000000000000000000e+04 5.570698175946129371e-01
3.000000000000000000e+04 5.431754270459475675e-01
4.000000000000000000e+04 5.380706752871923237e-01
5.000000000000000000e+04 5.296867121337397455e-01
6.000000000000000000e+04 5.270836267998046942e-01
8.000000000000000000e+04 5.229930641321928197e-01
1.000000000000000000e+05 5.084563538258032311e-01
1.400000000000000000e+05 5.085577727349176458e-01
2.000000000000000000e+05 4.867189009722953097e-01
3.000000000000000000e+05 4.740077310299637969e-01
4.000000000000000000e+05 4.609584980572513091e-01
5.000000000000000000e+05 4.579497370868589323e-01
6.000000000000000000e+05 4.402014279918483597e-01
8.000000000000000000e+05 4.276592895647076675e-01
1.000000000000000000e+06 4.212698982905039302e-01
1.400000000000000000e+06 3.947995630116596377e-01
2.000000000000000000e+06 3.865508250703594828e-01
3.000000000000000000e+06 3.564632153664368253e-01
4.000000000000000000e+06 3.313451322091170992e-01
5.000000000000000000e+06 3.095400667495327718e-01
6.000000000000000000e+06 3.009870720808894839e-01
8.000000000000000000e+06 2.626845307387048467e-01
1.000000000000000000e+07 2.476407258867435457e-01
1.400000000000000000e+07 2.077154819987294121e-01
2.000000000000000000e+07 1.767827147188538450e-01
3.000000000000000000e+07 1.414213217409852064e-01
4.000000000000000000e+07 1.180949726446856446e-01
5.000000000000000000e+07 9.713506476105412957e-02
6.000000000000000000e+07 7.607373796830829704e-02
8.000010000000000000e+07 5.443770402391449187e-02
1.000000000000000000e+08 3.929248026283883172e-02
