0.000000000000000000e+00 1.000000000000000000e+00
1.000000000000000000e+00 9.755239999999998357e-01
2.000000000000000000e+00 9.665920000000000067e-01
3.000000000000000000e+00 9.642079999999999540e-01
4.000000000000000000e+00 9.626359999999998251e-01
5.000000000000000000e+00 9.606799999999999784e-01
6.000000000000000000e+00 9.596959999999998825e-01
8.000000000000000000e+00 9.583120000000000527e-01
1.000000000000000000e+01 9.583519999999999817e-01
1.400000000000000000e+01 9.545719999999997540e-01
2.000000000000000000e+01 9.506759999999998545e-01
3.000000000000000000e+01 9.462479999999996449e-01
4.000000000000000000e+01 9.434799999999994302e-01
5.000000000000000000e+01 9.386999999999993127e-01
6.000000000000000000e+01 9.371799999999994579e-01
8.000000000000000000e+01 9.343079999999995833e-01
1.000000000000000000e+02 9.329559999999995634e-01
1.400000000000000000e+02 9.269359999999995381e-01
2.000000000000000000e+02 9.234759999999999636e-01
3.000000000000000000e+02 9.182919999999998861e-01
4.000000000000000000e+02 9.159960000000000324e-01
5.000000000000000000e+02 9.146160000000000956e-01
6.000000000000000000e+02 9.117680000000001339e-01
8.000000000000000000e+02 9.046240000000000947e-01
1.000000000000000000e+03 9.010679999999997580e-01
1.400000000000000000e+03 8.925439999999998930e-01
2.000000000000000000e+03 8.858639999999997627e-01
3.000000000000000000e+03 8.773879999999997237e-01
4.000000000000000000e+03 8.721799999999996222e-01
5.000000000000000000e+03 8.654039999999998400e-01
6.000000000000000000e+03 8.636840000000001183e-01
8.000000000000000000e+03 8.563240000000001961e-01
1.000000000000000000e+04 8.501159999999999828e-01
1.400000000000000000e+04 8.439199999999998925e-01
2.000000000000000000e+04 8.332080000000000597e-01
3.000000000000000000e+04 8.173599999999998644e-01
4.000000000000000000e+04 8.071960000000000246e-01
5.000000000000000000e+04 7.976360000000000117e-01
6.000000000000000000e+04 7.884120000000000017e-01
8.000000000000000000e+04 7.710199999999999276e-01
1.000000000000000000e+05 7.606200000000002959e-01
1.400000000000000000e+05 7.448280000000001566e-01
2.000000000000000000e+05 7.230520000000001390e-01
3.000000000000000000e+05 7.005400000000000515e-01
4.000000000000000000e+05 6.828760000000001495e-01
5.000000000000000000e+05 6.623680000000000678e-01
6.000000000000000000e+05 6.482719999999998484e-01
8.000000000000000000e+05 6.258839999999999959e-01
1.000000000000000000e+06 6.080039999999998779e-01
1.400000000000000000e+06 5.739320000000002198e-01
2.000000000000000000e+06 5.365440000000003540e-01
3.000000000000000000e+06 4.938039999999997987e-01
4.000000000000000000e+06 4.604880000000001194e-01
5.000000000000000000e+06 4.355159999999999587e-01
6.000000000000000000e+06 4.162480000000000069e-01
8.000000000000000000e+06 3.835640000000002381e-01
1.000000000000000000e+07 3.555080000000002127e-01
1.400000000000000000e+07 3.038532000000001565e-01
2.000000000000000000e+07 2.644067999999998309e-01
3.000000000000000000e+07 2.047955999999999110e-01
4.000000000000000000e+07 1.681303999999999577e-01
5.000000000000000000e+07 1.378468000000000193e-01
6.000000000000000000e+07 1.137232000000000798e-01
8.000000000000000000e+07 8.179439999999996158e-02
1.000000000000000000e+08 6.087680000000003644e-02
1.400000000000000000e+08 2.738519999999996721e-02
2.000000000000000000e+08 8.058800000000001379e-03
3.000000000000000000e+08 -1.663600000000000755e-03
4.000000000000000000e+08 -5.327999999999998536e-03
5.000000000000000000e+08 -9.592400000000002661e-03
6.000000000000000000e+08 -8.716800000000000243e-03
8.000000000000000000e+08 -7.258000000000000562e-03
1.000000000000000000e+09 -4.974800000000002310e-03
