0.000000000000000000e+00 1.000000000000000000e+00
1.000000000000000000e+00 1.000000000000000000e+00
2.000000000000000000e+00 1.000000000000000000e+00
3.000000000000000000e+00 1.000000000000000000e+00
4.000000000000000000e+00 9.998965699652172523e-01
5.000000000000000000e+00 9.997586632521733296e-01
6.000000000000000000e+00 9.992759897565200999e-01
8.000000000000000000e+00 9.991036063652153354e-01
1.000000000000000000e+01 9.983795961217355464e-01
1.400000000000000000e+01 9.961386120347749396e-01
2.000000000000000000e+01 9.923461774260713408e-01
3.000000000000000000e+01 9.852095050260571973e-01
4.000000000000000000e+01 9.793484697216975343e-01
5.000000000000000000e+01 9.737632478434258276e-01
6.000000000000000000e+01 9.666610521216725260e-01
8.000000000000000000e+01 9.569731055303487555e-01
1.000000000000000000e+02 9.485263193564190676e-01
1.400000000000000000e+02 9.323222805737778618e-01
2.000000000000000000e+02 9.112225534780838965e-01
3.000000000000000000e+02 8.938463076345706249e-01
4.000000000000000000e+02 8.767458752171449765e-01
5.000000000000000000e+02 8.659891515997322209e-01
6.000000000000000000e+02 8.568183551823229660e-01
8.000000000000000000e+02 8.423726269909896924e-01
1.000000000000000000e+03 8.314090433040112194e-01
1.400000000000000000e+03 8.161013981561549002e-01
2.000000000000000000e+03 7.971737017908995249e-01
3.000000000000000000e+03 7.825211135300006449e-01
4.000000000000000000e+03 7.726952602256331737e-01
5.000000000000000000e+03 7.593527857386498381e-01
6.000000000000000000e+03 7.563877914082092202e-01
8.000000000000000000e+03 7.563877914082094422e-01
1.000000000000000000e+04 7.546294808169012880e-01
1.400000000000000000e+04 7.442520006603590144e-01
2.000000000000000000e+04 7.331505102603368407e-01
3.000000000000000000e+04 7.270826148864116822e-01
4.000000000000000000e+04 7.229798901733600625e-01
5.000000000000000000e+04 7.109475294602926043e-01
6.000000000000000000e+04 7.130161301559486686e-01
8.000000000000000000e+04 7.019146397559266060e-01
1.000000000000000000e+05 6.849521140515447692e-01
1.400000000000000000e+05 6.807459593037104018e-01
2.000000000000000000e+05 6.640937237036771412e-01
3.000000000000000000e+05 6.369605779123188594e-01
4.000000000000000000e+05 6.001739622078974268e-01
5.000000000000000000e+05 5.987259417209379597e-01
6.000000000000000000e+05 5.860385241209127294e-01
8.000000000000000000e+05 5.636631599295636175e-01
1.000000000000000000e+06 5.365989674947271304e-01
1.400000033333333209e+06 5.005018853555246450e-01
1.999998933333333349e+06 4.521655824336889840e-01
3.000000399999999907e+06 3.910039551987843365e-01
4.000001100000000093e+06 3.477702006595675410e-01
5.000000533333333209e+06 3.239468159812591286e-01
5.999999900000000373e+06 2.968481468681615776e-01
8.000000299999999814e+06 2.436851089897945355e-01
1.000000133333333395e+07 2.158279529549563258e-01
1.399999903333333321e+07 1.738008821548724103e-01
2.000000339999999851e+07 1.368418830591464352e-01
2.999998356666666642e+07 8.778156989383112396e-02
3.999999873333333433e+07 6.302731490247734381e-02
5.000000423333333433e+07 4.658193937200973828e-02
6.000002486666666716e+07 3.120534086763122189e-02
8.000006836666667461e+07 1.962117697195591218e-02
1.000001092000000030e+08 1.631141585890582418e-02
